FRAME;ANGLE;CENTER X;CENTER Y;WIDTH;HEIGHT;
1;165.388;333.62;304.914;87.9172;108.741;
2;165.145;333.69;304.199;88.2448;108.473;
3;165.51;333.548;303.753;88.1634;108.534;
4;165.468;333.494;303.702;88.5524;108.403;
5;165.646;333.302;303.843;88.8213;108.765;
6;165.402;333.074;303.876;88.8483;108.514;
7;165.681;332.995;303.935;88.7341;108.78;
8;165.637;332.889;303.659;89.0904;108.788;
9;166.131;332.843;303.222;88.8925;108.818;
10;165.052;332.505;302.942;88.8849;109.059;
11;165.874;332.387;302.584;88.7402;108.925;
12;165.598;332.349;302.385;88.9422;108.829;
13;165.614;332.172;302.395;89.0142;108.614;
14;164.942;332.004;302.322;89.0992;108.55;
15;165.173;331.686;302.34;89.1343;108.692;
16;165.227;331.512;302.298;89.274;108.658;
17;165.134;331.277;302.263;89.6178;108.837;
18;164.976;331.244;302.198;89.3639;108.901;
19;165.326;330.982;302.025;89.5976;108.878;
20;165.844;330.85;301.907;89.5168;108.825;
21;164.679;330.67;301.848;89.7869;109.273;
22;164.658;330.653;301.636;89.7068;108.904;
23;164.594;330.522;301.334;89.7294;109.45;
24;164.996;330.36;301.202;89.8153;109.098;
25;165.31;330.022;300.539;89.8666;109.341;
26;165.782;329.775;300.186;89.9591;109.529;
27;165.959;329.688;299.968;89.9917;109.404;
28;165.703;329.511;299.401;90.3921;109.541;
29;166.062;329.264;299.096;90.1718;109.439;
30;165.455;328.917;298.878;90.081;108.939;
31;165.843;328.682;298.66;90.2756;109.29;
32;165.171;328.57;298.725;89.8224;109.021;
33;164.816;328.441;298.911;90.0602;109.176;
34;166.148;328.438;298.963;90.0677;109.228;
35;166.253;328.393;298.918;90.0499;109.524;
36;166.02;328.375;298.754;90.3228;109.445;
37;166.019;327.992;297.795;89.994;108.798;
38;165.155;327.786;297.541;90.0945;108.942;
39;164.863;327.58;297.586;89.9388;109.371;
40;164.304;327.658;297.46;90.0781;109.217;
41;164.189;327.411;297.21;90.0477;109.251;
42;163.73;327.203;297.061;90.0296;108.787;
43;163.102;327.084;296.467;90.3689;108.439;
44;163.075;327.108;295.703;90.2416;108.164;
45;163.736;327.077;294.573;91.1319;108.579;
46;163.441;326.973;294.033;91.3908;108.714;
47;163.522;326.879;293.59;91.1178;108.59;
48;163.664;326.882;293.151;91.4461;108.846;
49;163.409;326.684;292.496;91.0709;108.348;
50;162.89;326.495;291.879;91.305;109.036;
51;162.017;326.254;290.988;91.5908;109.3;
52;162.467;326.006;290.522;91.3229;109.39;
53;161.192;326.006;289.961;91.3384;109.745;
54;161.113;326.089;289.426;91.3105;109.55;
55;161.323;326.079;288.632;91.2515;109.454;
56;161.33;325.883;288.09;91.3139;109.656;
57;161.258;325.892;287.557;90.8594;110.178;
58;160.502;326.059;287.144;90.7534;109.77;
59;159.922;325.989;286.864;90.5758;109.744;
60;160.486;325.943;286.337;90.3461;110.132;
61;160.09;325.981;285.859;90.3226;109.791;
62;159.928;325.929;285.606;89.6038;109.804;
63;159.6;326.282;284.132;89.7251;110.215;
64;158.769;327.193;279.078;88.5451;110.433;
65;156.88;326.964;273.961;85.4245;110.175;
66;157.404;327.446;272.277;85.0875;108.928;
67;157.212;327.525;271.745;85.401;109.276;
68;157.228;327.869;270.922;84.9542;108.739;
69;156.492;327.981;270.405;84.3578;108.489;
70;156.146;327.821;269.407;84.3357;109.399;
71;156.078;327.955;268.759;83.9124;109.242;
72;156.048;328.018;267.869;83.6424;109.198;
73;155.801;327.932;266.913;83.2844;108.938;
74;154.645;327.994;266.363;83.8614;108.925;
75;153.58;327.902;265.435;83.7247;108.247;
76;154.022;328.125;264.916;83.3574;108.287;
77;153.215;328.158;264.08;83.3089;108.523;
78;153.114;328.271;263.19;83.2273;108.655;
79;152.714;328.322;262.223;82.8813;108.926;
80;153.387;328.657;261.407;82.3663;108.727;
81;152.956;328.858;260.411;82.1133;107.977;
82;152.841;328.894;259.505;81.5537;107.798;
83;152.05;329.112;258.882;80.8484;107.635;
84;152.062;329.446;258.25;80.734;107.49;
85;151.712;329.477;257.473;80.0518;107.069;
86;151.496;329.46;256.602;79.9611;105.998;
87;150.127;329.672;255.386;79.4475;104.806;
88;149.586;330.031;254.751;79.2413;104.551;
89;149.266;330.095;254.156;78.7176;103.548;
90;149.65;330.493;253.628;78.1622;103.91;
91;149.497;330.811;252.535;77.8629;103.107;
92;149.228;330.989;251.852;77.2212;102.949;
93;148.879;331.012;250.817;76.4491;102.418;
94;149.281;331.03;250.053;76.3393;101.819;
95;148.64;331.029;249.385;76.0487;101.535;
96;148.648;330.999;248.914;75.9124;100.92;
97;148.011;331.091;248.321;75.6782;101.07;
98;147.713;330.985;247.541;75.3946;100.352;
99;147.662;331.279;246.417;75.0597;100.391;
100;147.784;331.527;245.399;74.7341;99.9599;
101;147.402;331.413;244.64;73.9201;99.2226;
102;146.858;331.364;243.99;73.5856;98.7772;
103;146.178;331.333;243.514;73.6351;98.5238;
104;146.414;331.256;243.056;73.5531;97.7396;
105;146.385;331.319;242.753;73.0607;98.1247;
106;146.709;331.193;242.248;72.7979;98.0347;
107;146.314;331.268;241.989;72.304;97.77;
108;146.65;331.526;241.53;71.9867;97.9843;
109;146.634;331.495;241.284;71.55;97.7578;
110;146.515;331.536;240.919;71.5227;97.417;
111;145.844;331.588;240.619;71.4295;97.6461;
112;145.674;331.566;240.311;71.549;97.6427;
113;145.325;331.893;239.642;71.4417;96.7666;
114;145.071;334.565;238.603;70.921;96.0808;
115;144.04;336.598;237.723;68.4612;95.2964;
116;144.014;337.126;236.777;68.1816;95.5615;
117;144.211;337.217;236.422;68.0726;95.3138;
118;144.565;337.552;236.569;68.1863;95.0756;
119;144.083;337.564;236.381;67.7655;94.8364;
120;143.945;337.657;236.339;67.6191;94.7462;
121;144.326;337.706;236.362;67.486;95.05;
122;144.484;337.528;236.375;67.3928;94.6549;
123;144.203;337.717;236.38;67.7166;94.3329;
124;144.378;337.724;236.472;67.2476;94.0731;
125;144.54;337.662;236.66;67.342;93.8582;
126;143.755;337.651;236.809;67.5295;93.8751;
127;143.452;337.766;237.124;67.116;93.5256;
128;143.66;337.705;237.326;67.447;93.4652;
129;143.866;337.701;237.604;67.4097;93.5522;
130;143.462;337.677;238.051;67.4777;93.2691;
131;144.497;337.803;238.515;67.3208;93.1287;
132;144.661;337.833;238.748;67.3081;92.9465;
133;144.942;338.187;239.271;67.9612;93.2625;
134;145.257;338.049;239.75;67.9546;93.116;
135;145.855;338.319;240.271;68.0804;93.2744;
136;144.98;338.707;240.871;68.5361;92.9584;
137;146.207;338.482;241.188;68.1628;92.711;
138;146.831;338.796;241.496;68.2023;92.6532;
139;146.96;339.107;241.919;67.8039;92.4436;
140;147.278;339.411;242.419;67.7228;92.9018;
141;148.136;339.593;242.632;67.5652;92.8488;
142;147.946;339.903;242.873;67.479;92.5958;
143;147.949;340.124;242.824;67.6064;92.6853;
144;148.7;340.287;242.797;67.2459;92.6714;
145;148.533;340.646;243.183;67.3271;92.6449;
146;148.816;341.079;243.369;67.1751;91.8884;
147;148.249;341.666;243.733;66.9724;92.3202;
148;148.307;342.161;243.604;67.1162;92.3948;
149;148.614;342.646;243.582;65.8399;92.1672;
150;148.894;343.122;243.274;65.8931;92.0087;
151;149.961;344.035;243.147;65.9303;92.0244;
152;149.688;344.41;243.251;65.3153;91.3895;
153;149.915;344.999;243.557;65.0075;91.7967;
154;149.596;345.415;243.857;64.8957;91.4109;
155;148.827;347.914;245.448;65.5383;91.6395;
156;151.181;353.463;248.691;64.4843;92.8477;
157;150.664;355.515;249.877;64.6879;93.611;
158;150.794;356.361;249.874;64.647;93.3401;
159;150.543;357.065;250.417;64.2191;93.0045;
160;150.256;358.073;250.678;63.7863;93.606;
161;149.887;358.72;251.136;63.4961;94.4657;
162;150.314;359.731;251.375;63.6638;94.0023;
163;150.456;360.773;251.582;63.4955;93.0986;
164;150.166;361.237;251.885;63.1986;92.9996;
165;150.162;362.023;252.321;62.2679;92.8118;
166;150.012;362.869;252.786;62.2226;92.0047;
167;150.124;363.528;252.848;61.7078;92.0033;
168;149.828;364.08;253.079;60.7618;92.2566;
169;149.773;364.88;253.163;61.1429;92.5908;
170;149.768;365.643;253.477;61.0998;92.6261;
171;150.406;366.311;253.997;60.4641;93.097;
172;150.375;367.391;254.239;60.5812;92.9194;
173;150.235;367.936;254.46;60.327;93.0327;
174;149.634;368.591;254.438;60.4577;92.6366;
175;149.882;369.248;254.834;60.5905;92.9188;
176;149.69;370.214;255.099;60.93;93.4659;
177;150.472;371.418;255.806;61.0003;93.7754;
178;150.791;372.105;256.315;60.5096;93.0643;
179;151.124;373.096;257.122;60.0711;92.7965;
180;151.62;374.22;257.709;59.8776;92.4791;
181;152.851;375.142;258.27;59.5174;92.6728;
182;153.003;376.21;258.799;58.8559;92.2033;
183;152.981;377.17;259.375;58.127;92.1174;
184;153.064;378.218;259.97;58.0996;91.253;
185;154.914;379.942;261.491;57.212;91.3478;
186;155.042;380.827;262.154;57.294;90.9995;
187;155.253;381.74;262.765;56.8428;91.2976;
188;155.111;382.798;263.629;55.7803;90.0533;
189;156.609;387.765;266.958;54.2294;90.8921;
190;160.037;393.622;273.037;51.1124;89.1584;
191;159.66;395.274;275.559;49.996;89.0318;
192;159.3;396.138;276.269;49.9638;88.2125;
193;160.055;397.251;277.171;49.4708;87.6752;
194;160.312;398.444;277.84;48.6046;86.9439;
195;160.982;400.278;278.751;47.3006;86.5246;
196;161.977;401.618;279.049;46.4601;86.1214;
197;162.329;402.675;279.818;46.0318;86.8049;
198;161.594;403.646;280.62;46.4175;86.4298;
199;161.913;404.225;280.582;46.6323;86.5304;
200;161.654;405.123;281.627;46.0026;84.4404;
201;161.415;405.875;282.201;46.0871;84.2115;
202;161.294;406.802;283.301;45.2663;84.7985;
203;161.623;407.104;283.729;45.8774;84.6423;
204;161.354;407.816;284.198;44.7611;84.3808;
205;161.812;408.245;284.315;44.8576;84.1979;
206;161.743;409.157;284.635;44.8612;84.3155;
207;162.648;409.649;284.741;44.4445;84.1004;
208;163.078;410.017;285.116;43.9218;83.1961;
209;163.483;410.532;285.25;44.0457;83.8497;
210;163.256;410.84;286.136;43.4163;83.2518;
211;163.84;411.69;286.908;42.3958;82.2914;
212;163.729;411.899;287.478;41.9172;82.0843;
213;164.663;412.318;287.881;41.6474;81.7956;
214;164.807;412.687;287.8;41.4337;81.6181;
215;165.131;413.428;288.452;41.3539;80.7068;
216;165.167;413.469;288.612;41.7619;80.8064;
217;164.866;413.727;289.353;40.7873;81.4619;
218;164.866;413.971;289.902;41.0657;80.3454;
219;165.244;414.086;290.121;41.0124;80.7574;
220;165.444;414.723;291.133;40.8028;80.0353;
221;165.482;415.215;291.348;40.3629;79.3658;
222;165.595;414.993;291.273;40.142;80.5347;
223;165.111;415.457;292.272;39.5848;79.8613;
224;165.746;415.704;292.991;39.2491;78.3503;
225;166.043;415.823;293.008;39.6421;78.5177;
226;166.2;416.06;292.766;39.5258;77.8339;
227;165.403;416.176;293.078;39.3521;77.429;
228;165.594;416.527;293.692;39.0112;76.5485;
229;165.423;416.447;293.691;39.0678;76.6721;
230;165.347;417.591;293.975;40.065;77.8401;
231;165.919;420.264;296.092;39.9249;77.4056;
232;165.776;421.018;296.744;39.4023;78.3176;
233;165.803;420.93;296.854;39.6245;79.4039;
234;165.279;420.638;296.473;39.9258;78.1849;
235;165.955;420.875;296.204;39.7568;78.0397;
236;165.828;420.798;296.312;40.171;78.7488;
237;165.57;420.848;296.614;39.8515;78.8655;
238;166.01;420.946;296.736;39.6499;79.202;
239;165.577;420.703;296.621;38.8972;77.9632;
240;165.125;420.703;296.399;39.1535;77.0909;
241;165.074;420.775;296.666;39.5155;77.2895;
242;165.564;420.527;296.679;39.3424;77.3148;
243;165.537;420.638;296.756;39.3046;76.5917;
244;166.363;420.786;296.937;39.7419;77.0944;
245;165.802;420.43;297.408;39.3637;77.1892;
246;165.907;420.497;297.583;39.7097;77.5469;
247;166.379;420.242;297.947;39.1093;78.5455;
248;165.857;420.366;298.318;39.1201;78.2577;
249;166.102;419.95;298.856;38.8448;76.5277;
250;166.379;419.724;298.949;39.1061;77.0442;
251;166.302;419.627;299.725;39.4698;76.9686;
252;166.572;419.606;299.904;39.6342;77.9066;
253;167.159;419.667;300.52;40.2405;77.7823;
254;166.992;419.368;301.271;40.2349;78.2099;
255;167.125;419.003;301.826;40.3073;77.2466;
256;167.848;418.634;302.585;40.5485;77.7614;
257;167.519;418.531;303.506;41.1595;76.1955;
258;167.591;418.429;304.058;40.9095;76.6288;
259;167.965;418.137;304.86;40.6988;76.2347;
260;168.82;418.304;305.856;41.1786;75.324;
261;169.127;418.394;307.241;40.832;75.9598;
262;169.713;418.69;308.863;41.2598;77.4437;
263;168.81;421.259;316.845;41.0585;76.0597;
264;171.978;420.963;321.314;41.8379;75.7414;
265;173.418;420.466;323.547;42.9714;76.4121;
266;172.878;419.68;324.267;42.7524;76.4783;
267;172.557;419.041;324.979;43.1083;75.8646;
268;173.61;418.902;326.535;43.4274;76.1515;
269;173.356;418.795;327.19;43.2977;75.3603;
270;173.576;418.282;327.9;43.4847;74.5596;
271;174.72;417.899;328.445;43.7121;74.7153;
272;174.178;417.72;328.516;44.0156;75.8417;
273;174.371;417.503;328.745;44.183;75.5564;
274;174.564;417.468;328.882;44.2521;76.1585;
275;174.717;416.912;329.255;44.3269;76.0207;
276;174.841;416.711;329.273;45.173;76.6095;
277;174.602;416.487;329.491;45.4442;76.7434;
278;174.871;416.06;329.942;45.3589;76.0697;
279;175.196;416.009;330.267;45.0869;76.6011;
280;175.462;415.687;330.58;45.3734;77.2592;
281;175.759;415.595;331.39;45.7793;77.3605;
282;175.814;415.21;331.689;45.8599;76.7098;
283;176.136;414.783;332.274;45.9024;77.1022;
284;175.712;414.49;332.647;46.8053;77.9899;
285;176.049;414.335;333.369;46.5787;77.6354;
286;176.067;414.107;333.826;46.9913;78.2334;
287;176.422;414.168;334.433;46.7226;78.6314;
288;176.139;413.711;334.716;47.1528;78.3641;
289;176.544;413.715;334.995;47.3022;78.8599;
290;176.362;413.582;335.277;47.5821;79.5089;
291;176.132;413.176;335.56;48.3358;79.3393;
292;176.409;412.924;336.042;48.2238;79.3745;
293;176.617;412.672;336.05;49.0518;79.9431;
294;176.455;412.04;336.208;49.0404;79.9633;
295;176.978;411.643;336.927;49.0353;79.6578;
296;176.59;411.444;336.749;49.7588;80.2927;
297;176.479;410.962;337.254;49.7283;80.5183;
298;175.991;410.585;337.351;49.9507;80.5295;
299;176.433;410.273;337.754;49.8922;81.1636;
300;176.085;409.722;337.814;50.4266;81.402;
301;175.839;409.354;337.654;51.0314;81.8207;
302;176.222;409.117;337.936;51.4354;81.8215;
303;176.359;408.776;337.727;51.0347;82.2194;
304;176.06;408.319;337.719;51.5531;82.636;
305;176.45;407.845;337.616;52.3733;83.8872;
306;176.854;407.023;338.003;52.4741;83.8278;
307;176.163;406.318;337.585;52.1633;84.5457;
308;176.192;406.034;337.434;52.731;84.5246;
309;175.422;405.428;336.853;53.5548;84.8475;
310;174.848;404.655;336.472;53.5275;85.5253;
311;174.678;403.018;334.285;53.2816;86.2088;
312;172.419;399.68;329.847;54.4758;86.9717;
313;171.877;398.995;327.159;54.6441;86.2945;
314;172.123;398.845;326.582;54.8319;86.0811;
315;172.035;397.896;325.628;55.3128;86.9977;
316;170.912;397.159;324.676;55.1668;86.1895;
317;170.987;396.59;323.657;55.7077;87.0532;
318;170.976;395.971;322.618;55.9946;87.5859;
319;170.275;395.628;322.168;56.1092;88.3761;
320;170.328;394.745;321.677;56.7511;88.7838;
321;170.588;394.733;320.952;57.0698;89.705;
322;170.59;394.163;320.474;57.5255;90.1409;
323;171.144;393.922;320.003;57.5323;90.3132;
324;170.471;393.072;319.236;57.5532;90.8817;
325;170.951;392.603;318.542;57.2779;91.2375;
326;170.785;391.896;318.162;57.7478;91.6812;
327;170.857;391.263;317.351;57.9692;91.9537;
328;170.678;389.917;317.308;58.3478;92.3433;
329;170.112;388.934;316.672;59.6553;91.909;
330;169.808;387.703;316.736;60.023;92.0493;
331;168.575;386.642;316.471;60.9657;92.0165;
332;168.163;385.629;316.118;61.3533;91.9114;
333;167.33;384.448;315.636;62.2771;91.9063;
334;167.509;383.46;315.044;63.0112;92.1037;
335;167.328;382.392;315.061;63.552;92.1607;
336;168.022;381.323;314.612;64.1223;93.3486;
337;168.506;379.774;312.687;64.8589;92.4724;
338;168.35;378.492;311.162;65.8731;93.0046;
339;168.196;376.925;309.542;65.4601;93.4818;
340;166.994;376.079;308.965;65.7907;93.4851;
341;166.431;374.986;308.614;65.9586;92.9355;
342;166.296;373.902;307.341;66.1459;92.4231;
343;166.086;372.56;306.394;66.9501;93.2327;
344;165.046;371.439;305.094;67.6714;93.2132;
345;164.04;369.888;304.16;67.2919;93.8905;
346;163.349;368.553;303.41;68.0307;93.8215;
347;162.898;367.148;302.411;68.6551;94.7717;
348;161.997;365.476;302.051;68.4467;94.9892;
349;162.172;363.628;301.177;68.2622;95.155;
350;162.295;361.374;299.771;68.0508;95.5858;
351;161.659;359.884;298.519;68.518;95.8588;
352;161.929;358.531;297.435;69.1848;94.9011;
353;161.586;357.236;296.378;70.586;95.2409;
354;161.236;355.079;295.115;72.0812;96.4639;
355;160.961;353.476;294.059;72.4463;96.7789;
356;161.468;351.197;293.071;72.6912;96.873;
357;161.434;347.564;290.783;72.5535;96.9562;
358;160.944;345.513;289.727;73.0709;97.0734;
359;159.704;343.813;289.021;74.0744;96.5806;
360;159.583;341.976;287.749;74.2995;96.8825;
361;159.776;339.878;286.791;74.909;97.0604;
362;159.217;337.778;285.975;75.528;97.1336;
363;158.882;335.736;285.158;76.5507;96.7166;
364;157.975;333.715;283.889;77.0043;95.8001;
365;156.719;331.414;282.815;77.2976;96.6259;
366;155.155;327.048;280.703;78.5135;98.54;
367;155.159;325.012;279.344;79.2407;98.8733;
368;155.728;322.527;278.942;79.8069;99.1195;
369;153.094;320.33;278.476;80.3645;99.3245;
370;153.261;316.44;277.7;81.24;99.8806;
371;150.419;307.479;276.662;83.4791;99.3733;
372;149.007;301.618;274.454;84.3375;98.6654;
373;149.234;299.306;273.392;84.242;98.1886;
374;146.035;297.402;272.325;85.1349;98.2743;
375;144.832;294.63;271.459;86.2392;97.753;
376;143.371;292.277;270.682;86.7914;97.9644;
377;141.593;290.223;270.33;87.1175;98.8152;
378;140.722;288.05;269.863;88.1654;98.8984;
379;142.018;285.993;269.344;88.5829;99.0152;
380;140.367;283.623;268.847;89.0353;98.3449;
381;140.361;281.398;268.14;89.3841;98.9314;
382;142.647;279.59;267.554;89.9751;99.2116;
383;143.661;277.723;266.769;89.6148;99.5703;
384;142.59;275.877;266.152;89.9456;99.6003;
385;138.75;273.815;265.021;89.8728;99.9693;
386;131.783;269.923;263.24;89.9695;101.628;
387;129.811;267.883;262.46;90.0674;102.479;
388;129.738;265.729;261.887;90.5179;102.023;
389;133.314;263.279;261.652;90.8541;101.838;
390;135.296;261.403;261.095;91.5324;101.828;
391;130.812;259.327;260.471;92.2411;101.582;
392;130.815;257.549;259.891;92.5241;101.123;
393;130.857;255.435;259.12;92.496;101.067;
394;131.204;253.509;258.424;92.8204;101.871;
395;127.749;251.714;257.514;92.7678;102.314;
396;127.561;249.744;257.017;92.7375;102.566;
397;122.234;247.487;256.476;93.6535;103.597;
398;118.861;245.418;256.141;93.841;103.703;
399;119.796;243.841;255.769;93.8622;103.375;
400;117.175;241.93;255.026;94.0759;103.231;
401;114.547;240.242;254.59;94.483;103.562;
402;113.481;238.474;254.372;95.5163;103.771;
403;112.599;236.312;254.049;96.0297;104.374;
404;111.635;234.281;253.551;96.0918;104.322;
405;112.671;230.102;253.72;95.8915;105.241;
406;107.597;223.865;252.652;95.9166;105.68;
407;106.4;221.577;252.397;96.5288;106.176;
408;106.535;220.171;252.314;97.2504;106.015;
409;105.262;218.74;251.981;97.5322;106.237;
410;104.867;216.307;251.796;97.8467;106.163;
411;104.084;215.017;251.467;98.4539;106.206;
412;102.033;213.924;251.305;98.3674;106.642;
413;101.938;212.68;251.25;98.7582;107.501;
414;99.2301;211.444;250.993;98.8719;107.902;
415;97.2092;210.425;250.726;99.1208;108.274;
416;96.0997;209.477;250.277;98.9964;108.599;
417;96.5226;208.13;250.042;99.293;108.298;
418;96.9454;207.325;249.732;99.1442;108.421;
419;97.3067;206.329;249.617;99.1129;108.797;
420;98.7585;205.261;249.323;99.4649;108.836;
421;98.2169;204.412;249.173;100.123;109.616;
422;99.7601;203.323;248.811;100.137;109.643;
423;100.006;202.573;248.194;100.028;109.783;
424;99.7276;201.773;247.847;99.6462;110.011;
425;98.5612;200.896;247.282;99.3726;109.966;
426;98.7405;200.255;246.946;99.4604;110.598;
427;98.2749;199.763;246.668;99.5629;110.679;
428;98.5962;199.464;246.175;99.625;110.783;
429;98.5479;199.091;245.233;99.5829;110.86;
430;98.8645;198.626;244.587;98.8674;111.335;
431;97.4361;198.323;243.353;98.995;111.078;
432;98.8671;197.9;242.634;99.0554;111.062;
433;98.5703;198.469;239.736;99.7649;110.722;
434;97.0885;200.415;235.09;98.9755;110.152;
435;97.5294;201.144;233.822;97.4383;109.996;
436;98.2254;201.592;233.416;97.5508;110.065;
437;98.0895;201.445;232.901;97.4299;109.621;
438;97.5152;201.257;232.206;97.2318;109.894;
439;98.0159;200.989;231.809;97.0415;110.538;
440;98.7318;200.897;231.376;97.0322;110.512;
441;97.347;200.733;231.125;96.9258;110.488;
442;97.192;200.358;230.825;96.8208;110.504;
443;96.5776;199.826;230.44;96.7671;111.17;
444;97.122;199.629;230.513;96.3109;111.47;
445;97.5278;199.384;230.485;96.9365;111.423;
446;96.9687;199.047;230.421;96.706;111.521;
447;96.9002;198.831;230.766;97.144;111.618;
448;97.2927;198.622;230.757;97.1514;111.988;
449;97.3007;198.705;230.71;96.903;111.594;
450;96.6408;198.505;230.839;97.1464;111.838;
451;97.0848;198.187;231.249;96.9736;112.21;
452;97.8862;198.308;231.665;97.2026;111.799;
453;96.8454;198.053;232.21;97.7172;111.56;
454;96.6747;197.95;232.59;97.755;111.53;
455;96.0843;197.734;233.219;97.7802;111.877;
456;98.1171;196.684;235.851;97.9669;111.782;
457;94.0936;193.531;242.219;99.9016;112.425;
458;95.2174;192.539;245.905;101.725;112.179;
459;96.2673;191.779;247.503;101.776;112.154;
460;93.5265;191.445;248.495;101.588;112.192;
461;93.7422;191.298;249.637;101.52;112.506;
462;93.9225;191.16;250.41;101.791;112.479;
463;93.7778;190.931;251.169;101.672;112.26;
464;92.6625;190.994;251.924;101.692;112.345;
465;93.0239;190.81;252.617;101.996;112.243;
466;91.9646;190.643;253.485;102.86;112.047;
467;90.7904;190.486;254.271;102.486;112.357;
468;92.2192;190.311;255.159;102.705;112.039;
469;91.6302;190.009;256.103;102.982;111.78;
470;89.1959;189.838;257.062;103.445;112.101;
471;88.9538;189.624;258.014;103.504;111.828;
472;89.425;189.39;258.834;103.686;112.074;
473;89.415;189.284;259.431;103.752;111.855;
474;88.4928;189.129;260.12;103.812;111.525;
475;87.941;188.828;260.881;103.847;111.734;
476;86.4661;188.738;261.514;103.833;111.815;
477;86.4321;188.419;262.333;103.616;111.686;
478;86.0352;188.042;262.949;103.476;111.895;
479;84.9739;188.035;263.541;103.501;112.11;
480;87.352;187.554;264.846;103.144;111.606;
481;87.9331;187.154;265.678;103.038;111.62;
482;88.9651;186.781;266.628;103.249;112.012;
483;88.7771;186.823;267.348;103.335;111.535;
484;87.3373;186.409;268.194;103.654;112.311;
485;87.5627;186.369;268.411;103.27;112.006;
486;86.4738;184.695;270.566;103.489;112.101;
487;83.5401;182.083;274.404;104.746;112.648;
488;82.8469;181.086;276.2;105.839;112.676;
489;83.9372;180.817;277.222;105.4;112.401;
490;83.4454;180.77;278.13;105.536;112.28;
491;81.4309;180.736;278.803;106.283;112.168;
492;81.499;180.5;279.213;106.141;112.277;
493;84.0861;180.528;279.482;106.418;112.254;
494;85.4174;180.391;279.613;106.582;112.223;
495;85.4491;180.179;280.563;106.969;112.057;
496;83.758;180.358;280.76;106.879;111.937;
497;86.2589;180.107;281.15;106.851;112.14;
498;85.2589;179.884;281.244;107.117;112.23;
499;85.1124;179.865;281.124;107.269;112.299;
500;85.3184;179.988;280.945;107.093;112.455;
501;86.2938;180.153;280.989;107.375;112.731;
502;83.9875;180.415;281.272;107.362;112.427;
503;83.2701;180.607;281.206;107.385;112.631;
504;83.2127;180.76;281.354;107.767;112.862;
505;83.1417;181;281.288;107.829;113.233;
506;82.3491;181.548;281.53;108.266;113.288;
507;84.0896;181.902;281.173;108.307;113.837;
508;82.2303;182.45;281.418;108.36;113.446;
509;80.7315;182.981;281.426;108.712;113.666;
510;79.1364;183.529;281.6;108.806;113.723;
511;77.2337;184.363;281.739;108.989;113.854;
512;73.7395;185.085;281.669;109.229;114.07;
513;72.0745;186.432;281.884;109.198;114.301;
514;69.9445;187.327;281.977;109.313;114.725;
515;74.1348;188.427;281.935;109.365;114.921;
516;73.0132;190.008;282.004;109.406;114.874;
517;73.1555;191.409;281.932;109.306;114.469;
518;79.2432;192.505;281.986;110.458;114.646;
519;77.5946;193.755;282.234;110.38;114.647;
520;81.2885;194.714;282.14;110.387;114.723;
521;84.7105;195.838;282.227;110.555;115.422;
522;86.3845;196.827;282.575;110.996;115.302;
523;88.2996;197.783;282.644;111.107;115.4;
524;89.6552;198.639;282.7;111.369;115.468;
525;93.3668;200.963;282.887;111.624;115.196;
526;95.8195;201.959;283.206;111.498;115.693;
527;100.087;203.394;283.45;111.636;116.348;
528;100.99;204.682;283.674;111.75;116.142;
529;103.358;205.59;283.374;111.735;116.138;
530;102.446;208.074;283.57;111.819;115.824;
531;101.428;209.1;283.658;111.836;115.654;
532;104.264;210.914;283.538;112.144;115.82;
533;100.609;212.172;283.915;111.854;115.632;
534;104.282;213.902;284.053;111.879;115.095;
535;99.9495;215.495;284.089;111.735;114.735;
536;109.882;217.299;284.234;111.171;113.854;
537;113.283;218.974;284.226;110.934;113.896;
538;106.834;220.554;284.245;111.002;114.302;
539;104.742;222.349;284.499;110.908;114.07;
540;106.116;224.461;285.03;110.731;114.854;
541;113.264;226.166;285.456;111.058;114.709;
542;118.839;227.787;285.602;111.673;114.75;
543;121.941;229.797;285.675;111.546;114.848;
544;124.052;231.598;285.777;111.357;114.441;
545;116.229;233.634;286.155;111.674;115.275;
546;117.255;235.866;286.787;112.006;115.057;
547;125.628;237.658;287.549;112.072;115.212;
548;130.886;239.317;288.017;111.338;114.63;
549;134.187;241.118;288.5;111.106;114.781;
550;136.85;242.857;288.649;111.195;114.322;
551;141.452;245.02;288.69;110.663;114.473;
552;140.526;247.103;288.577;110.005;114.455;
553;137.978;248.903;288.836;109.482;114.463;
554;142.539;252.494;289.386;109.036;113.849;
555;151.06;254.676;289.596;108.88;113.262;
556;155.209;256.648;289.939;109.297;113.854;
557;158.793;258.566;289.85;108.95;114.022;
558;156.03;260.635;290.332;109.447;114.079;
559;156.139;262.336;290.442;108.993;114.044;
560;153.1;264.296;290.605;108.228;114.099;
561;158.086;266.161;290.744;107.338;113.534;
562;160.402;270.066;290.705;105.877;113.012;
563;159.703;272.602;290.917;105.414;112.542;
564;158.488;274.765;291.381;104.968;113.096;
565;157.788;276.953;291.826;104.013;113.063;
566;160.894;279.003;292.464;104.019;113.691;
567;162.898;281.198;293.364;103.982;113.686;
568;163.178;282.745;293.584;103.565;113.837;
569;164.583;284.835;294.203;103.679;114.093;
570;162.68;291.348;296.761;103.033;113.419;
571;160.25;296.548;298.495;100.268;113.517;
572;161.456;298.372;299.127;99.6007;113.042;
573;161.681;299.801;299.387;98.899;112.719;
574;161.391;301.607;299.794;99.0765;112.61;
575;160.934;303.149;300.802;98.6105;112.282;
576;160.296;304.704;301.454;99.1457;112.528;
577;161.376;305.818;302.072;97.3671;112.281;
578;164.29;307.432;302.623;96.9513;112.433;
579;164.255;308.442;303.323;96.7539;112.008;
580;165.576;310.148;303.999;96.7129;111.763;
581;166.077;311.576;304.593;97.2292;111.742;
582;170.664;314.657;305.737;97.2328;111.924;
583;170.827;316.29;306.793;97.2917;113.125;
584;171.591;317.634;307.555;96.4943;112.955;
585;170.637;318.761;308.404;96.1191;113.36;
586;170.145;320.118;309.095;95.7421;113.704;
587;170.015;321.471;309.835;95.0389;113.551;
588;168.791;322.735;310.553;94.3949;113.113;
589;168.663;324.029;311.004;94.3366;113.205;
590;166.816;325.51;311.687;94.2832;113.184;
591;167.175;327.597;312.992;93.2119;112.834;
592;170.453;335.063;317.153;91.4841;111.286;
593;171.66;338.073;319.159;89.5694;112.315;
594;170.805;338.889;319.571;89.8108;112.646;
595;171.249;340.128;320.572;90.332;112.234;
596;170.477;341.118;321.358;90.0529;111.973;
597;170.886;342.305;322.126;90.0715;112.207;
598;170.676;343.536;322.755;89.276;112.434;
599;171.28;344.752;322.866;88.9227;112.541;
600;172.189;346.556;323.132;88.9847;112.181;
601;172.725;347.435;323.384;88.1763;112.795;
602;171.645;349.907;325.225;88.0276;111.957;
603;171.946;350.901;325.818;86.7998;111.881;
604;172.854;351.989;326.341;86.7406;112.575;
605;172.808;352.672;326.896;87.0117;112.273;
606;172.158;353.597;327.093;86.1111;112.322;
607;171.914;354.119;327.444;86.2402;112.244;
608;172.903;355.044;328.103;86.3025;112.015;
609;172.707;355.725;328.441;85.836;112.187;
610;173.852;356.65;329.452;84.9177;113.007;
611;174.57;357.42;330.077;84.6997;112.385;
612;175.02;358.395;330.979;84.4488;112.466;
613;174.856;358.934;331.655;84.2097;112.137;
614;175.132;359.648;331.884;83.6902;112.135;
615;175.777;360.367;332.337;83.8245;111.747;
616;175.712;361.148;333.026;83.6635;111.711;
617;176.359;361.664;333.436;83.4863;111.627;
618;176.427;362.506;333.792;83.1805;111.934;
619;176.595;363.042;334.522;82.682;111.935;
620;176.827;364.168;334.887;83.524;111.762;
621;177.42;367.005;338.281;82.8307;111.692;
622;178.39;370.262;341.384;80.6427;110.981;
623;178.978;370.689;341.905;80.255;111.043;
624;178.571;370.903;342.499;80.3792;111.194;
625;178.843;371.37;343.032;80.3246;111.053;
626;179.019;371.543;343.651;79.797;110.755;
627;179.239;371.79;344.046;79.3665;110.866;
628;178.981;372.047;344.607;79.2714;110.365;
629;178.696;372.397;345.023;79.776;111.299;
630;178.711;372.862;345.647;79.1195;110.965;
631;179.208;373.287;346.071;78.7459;110.969;
632;179.498;373.491;346.557;78.608;110.651;
633;179.708;373.855;346.45;78.1042;110.645;
634;179.789;374.38;346.657;78.1067;110.315;
635;179.986;374.477;346.822;77.5994;109.962;
636;179.899;374.705;346.884;77.6585;110.567;
637;179.914;374.94;347.286;77.664;110.31;
638;0.367219;375.319;347.302;77.341;109.978;
639;0.175306;375.304;347.684;76.9706;109.881;
640;0.410936;375.562;347.707;77.2569;109.165;
641;0.303237;375.756;347.769;76.7455;109.619;
642;0.262188;375.824;347.869;76.5417;109.411;
643;0.547366;375.952;348.045;76.6836;109.06;
644;0.326511;375.956;348.4;76.5212;109.155;
645;0.391839;376.086;348.565;76.8771;108.862;
646;1.02508;376.155;348.798;76.8448;108.754;
647;0.999061;376.014;349.179;76.5149;108.715;
648;0.898739;376.033;349.482;76.434;108.598;
649;1.01885;376.07;349.414;76.6082;108.447;
650;1.3064;375.847;349.642;76.6741;108.192;
651;1.05059;375.666;349.739;76.9184;107.774;
652;0.997411;375.761;349.981;76.9286;108.339;
653;1.35679;375.565;350.498;77.4673;108.94;
654;1.08179;375.672;350.665;77.4151;108.742;
655;1.34999;375.325;350.978;78.0211;109.244;
656;1.69843;375.327;351.107;78.0773;109.235;
657;1.24013;375.022;351.343;78.4861;108.831;
658;1.43708;375.048;351.529;78.6193;109.053;
659;1.02471;374.699;351.968;78.5541;109.096;
660;0.802702;374.093;353.915;78.5429;108.853;
661;0.0646034;369.251;357.898;80.7906;109.375;
662;3.85412;365.161;364.045;82.8723;109.291;
663;5.40135;364.578;365.562;82.5996;110.203;
664;5.71338;363.604;366.096;82.7435;110.366;
665;5.6008;362.836;366.701;82.6712;110.087;
666;6.50802;362.407;367.309;82.7431;109.384;
667;6.9527;361.714;367.923;82.9209;110.239;
668;7.69671;361.249;368.8;83.5988;109.61;
669;7.96666;360.543;369.388;83.9158;109.632;
670;8.91438;359.935;370.047;83.8451;109.915;
671;9.49159;359.252;370.296;83.8194;109.308;
672;9.50611;358.601;370.571;83.6842;109.644;
673;9.41261;358.064;371.296;83.8525;109.869;
674;9.79165;357.513;371.781;84.0305;109.822;
675;9.8155;357.256;372.476;83.7943;109.779;
676;9.89282;356.699;373.149;84.1819;110.063;
677;9.94002;356.338;373.772;83.8164;110.704;
678;10.4172;355.725;374.461;83.8545;110.83;
679;9.43395;355.398;375.09;84.1947;111.096;
680;9.3772;355.097;375.615;84.0317;111.26;
681;10.3876;354.813;376.41;84.2562;111.547;
682;10.8034;353.297;380.699;83.9447;110.56;
683;12.4053;352.3;385.174;84.2343;111.956;
684;12.5667;351.794;386.587;84.1437;111.664;
685;12.6671;351.278;387.34;84.2779;111.518;
686;13.1125;350.698;387.771;84.3817;111.441;
687;13.4172;350.569;388.496;84.5151;110.783;
688;13.7129;349.828;388.985;84.469;110.408;
689;13.7221;349.763;389.505;84.3782;110.543;
690;14.0549;349.126;389.765;84.0923;110.749;
691;13.9433;348.831;390.207;84.2561;110.845;
692;15.1168;348.54;390.054;84.0224;110.348;
693;14.2263;348.362;390.123;84.1906;110.453;
694;14.6939;348.055;390.142;84.3637;110.958;
695;14.614;347.975;390.67;83.9129;110.678;
696;14.6191;347.825;390.438;84.078;110.606;
697;14.0487;347.431;390.999;83.7397;111.34;
698;14.4974;347.168;390.747;83.8797;110.714;
699;14.4845;346.776;390.812;83.8026;110.748;
700;14.2822;346.485;390.783;83.6523;110.746;
701;13.3592;346.292;391.065;83.9469;110.48;
702;13.6144;345.862;390.831;84.063;110.282;
703;13.5515;345.171;390.538;84.1202;110.119;
704;14.0017;344.542;390.268;83.9623;109.821;
705;13.8499;344.169;389.985;84.5227;110.422;
706;13.8276;343.827;389.604;85.1001;110.514;
707;13.4271;343.31;389.073;84.8685;110.555;
708;13.6665;342.704;388.62;85.0094;110.389;
709;13.7197;342.183;387.844;85.3822;110.64;
710;13.6573;341.339;387.219;85.6772;110.827;
711;13.6303;340.657;386.707;85.9043;110.685;
712;13.5482;339.74;386.258;86.4662;110.891;
713;13.8259;339.043;385.516;86.3527;111.029;
714;13.6939;338.308;385.317;86.7662;111.248;
715;13.0359;337.325;384.94;87.4374;111.759;
716;12.8367;336.563;384.403;87.6769;111.902;
717;12.2589;335.435;383.682;88.4672;112.305;
718;11.6216;334.445;383.395;88.9857;112.302;
719;13.7443;334.644;388.084;89.3509;112.988;
720;14.4433;333.409;388.735;89.7035;113.453;
721;13.854;332.097;388.931;90.548;113.725;
722;14.2338;331.009;388.802;90.7601;113.697;
723;14.6113;329.952;388.913;90.8175;113.855;
724;13.9096;328.491;388.588;90.5526;113.315;
725;13.145;327.395;388.23;91.3527;113.675;
726;13.2909;326.393;387.789;91.1629;113.159;
727;13.6662;324.653;387.651;91.785;113.315;
728;15.4704;323.014;386.903;92.6663;112.88;
729;14.688;321.425;386.439;93.0967;113.322;
730;15.037;319.838;385.726;93.9643;113.9;
731;14.7414;318.168;384.967;94.753;114.716;
732;14.0807;316.432;384.161;95.032;114.598;
733;15.3203;314.782;383.309;96.0922;114.312;
734;14.4023;313.306;382.701;96.8483;114.622;
735;15.4604;311.546;382.178;97.2747;114.093;
736;15.4522;309.676;381.318;97.1571;113.673;
737;13.3592;307.44;380.244;97.7136;113.513;
738;14.4183;303.193;378.129;98.5234;112.701;
739;14.5126;301.256;376.881;99.2454;112.169;
740;14.4806;299.378;375.989;99.6936;111.984;
741;13.2405;297.291;375.124;99.2685;112.806;
742;13.7093;295.072;374.697;99.6858;113.121;
743;9.89097;292.411;374.655;100.688;114.195;
744;10.4415;284.148;373.333;103.974;115.387;
745;7.26443;277.39;372.294;105.623;114.963;
746;5.85432;274.905;371.823;105.507;115.142;
747;6.46015;272.444;370.997;106.578;114.636;
748;6.88404;270.063;370.476;107.25;114.733;
749;6.37239;267.982;370.148;107.21;114.663;
750;8.82333;265.983;369.559;107.69;115.891;
751;8.03765;263.376;369.059;108.45;116.227;
752;9.91821;260.536;367.868;108.719;116.309;
753;9.58971;257.877;366.89;108.83;115.83;
754;7.51342;255.336;366.03;109.421;115.925;
755;4.18222;253.193;365.357;109.731;115.164;
756;7.96619;250.544;364.661;109.627;115.04;
757;7.64982;248.344;364.503;110.541;115.521;
758;7.71104;245.96;363.861;110.594;115.153;
759;9.0782;244.011;363.088;110.135;115.492;
760;10.8175;241.921;362.638;111.04;115.211;
761;5.82419;240.141;361.947;110.963;115.176;
762;3.524;238.273;361.756;111.244;115.701;
763;3.09069;236.523;360.493;111.72;115.888;
764;4.06213;234.374;359.745;111.845;116.259;
765;6.27295;232.43;359.089;111.573;116.394;
766;6.28868;230.649;357.984;111.675;116.587;
767;14.0969;228.827;356.763;111.791;116.205;
768;12.5788;226.812;355.5;112.736;116.326;
769;19.246;225.196;354.431;112.447;116.259;
770;13.9334;223.21;353.582;113.18;116.449;
771;19.9532;221.363;352.561;113.68;117.13;
772;21.6093;219.877;352.24;113.861;117.396;
773;26.3548;218.375;351.327;114.242;118.317;
774;16.8102;216.47;350.277;114.581;118.442;
775;17.7231;214.717;348.919;115.232;117.959;
776;21.4621;213.211;347.443;116.077;117.808;
777;2.27567;211.732;346.875;116.595;117.743;
778;1.97031;210.278;346.098;116.66;117.811;
779;162.824;208.794;345.569;117.171;117.776;
780;172.618;207.36;344.875;116.94;117.611;
781;157.369;205.891;344.049;117.302;118.214;
782;178.615;204.234;342.864;116.8;119.017;
783;179.315;202.747;341.994;116.744;118.274;
784;6.18158;201.419;341.009;116.646;118.732;
785;11.7945;199.963;340.308;117.123;119.732;
786;17.8303;198.326;339.871;117.203;119.79;
787;18.2263;196.884;339.295;117.045;119.998;
788;20.3249;195.892;338.784;117.309;119.831;
789;12.7482;194.697;338.242;117.95;120.565;
790;12.3093;193.724;337.715;118.072;121.26;
791;20.0648;192.989;337.274;118.291;121.842;
792;21.3814;192.283;337.117;117.823;121.5;
793;22.5317;191.424;336.838;118.233;121.932;
794;9.7872;190.432;336.463;119.236;121.927;
795;22.0118;189.922;336.394;119.66;122.338;
796;15.0269;189.029;335.796;119.956;122.586;
797;18.7637;188.432;335.826;119.806;122.684;
798;24.2739;187.871;335.387;120.181;122.706;
799;21.161;187.231;335.054;120.328;122.995;
800;23.0939;186.789;334.473;120.762;123.449;
801;21.2699;185.97;334.309;120.855;123.219;
802;25.3243;185.614;334.215;120.987;123.452;
803;32.2052;185.09;333.644;121.518;123.812;
804;24.7555;184.656;333.651;121.379;123.579;
805;28.6761;184.146;333.552;121.859;124.268;
806;32.7633;183.638;333.363;121.937;124.673;
807;31.4326;183.092;332.954;122.133;124.597;
808;29.7495;182.726;333.16;122.628;125.262;
809;35.4174;182.071;332.718;122.644;125.265;
810;38.3774;181.696;332.539;122.795;125.64;
811;37.3544;181.331;332.085;122.901;126.1;
812;35.8488;180.785;331.653;123.437;126.304;
813;34.8125;180.377;331.356;123.257;125.841;
814;44.054;179.907;331.074;123.177;126.157;
815;42.289;179.585;331.038;123.44;126.449;
816;40.0213;179.203;330.531;123.222;126.669;
817;44.5502;178.726;330.61;123.212;126.856;
818;40.0808;178.346;330.357;123.625;127.028;
819;43.5109;178.193;330.545;123.192;126.795;
820;38.9142;177.967;330.015;124.097;127.13;
821;34.5232;177.808;330.16;123.099;126.987;
822;40.5119;177.343;330.155;123.159;127.036;
823;39.8724;177.122;330.201;123.71;126.708;
824;38.7655;176.818;330.151;123.761;126.894;
825;39.1798;176.72;330.081;123.487;126.7;
826;40.1397;176.511;329.981;123.559;126.541;
827;44.827;176.522;329.776;123.703;126.749;
828;35.4171;176.502;329.828;123.9;126.608;
829;34.4691;176.029;330.174;123.926;126.571;
830;34.6175;176.208;329.993;123.729;126.616;
831;35.4992;175.767;330.197;124.317;126.354;
832;32.8778;175.843;330.329;124.122;126.531;
833;35.0905;175.681;330.021;124.394;126.577;
834;34.813;175.833;330.119;124.065;126.442;
835;47.5197;175.86;329.736;124.232;126.024;
836;35.5979;175.829;329.577;123.695;125.783;
837;32.8464;175.872;329.295;123.316;126.064;
838;22.3071;175.928;329.205;123.533;125.671;
839;24.0199;175.975;329.373;123.711;125.871;
840;29.3833;176.061;328.893;123.769;125.602;
841;29.1303;176.064;328.807;123.096;125.292;
842;22.8715;176.071;328.015;122.629;125.448;
843;31.9097;176.481;327.686;122.839;124.261;
844;21.3331;176.677;327.089;122.631;124.876;
845;12.9666;176.984;326.368;122.036;124.213;
846;15.7029;176.699;326.034;122.141;123.565;
847;21.1401;176.888;326.001;121.731;123.501;
848;14.0772;176.835;325.351;121.488;122.953;
849;21.5697;177.207;325.394;121.209;122.702;
850;17.0175;177.279;325.412;121.249;122.971;
851;28.1811;177.337;325.555;120.473;122.653;
852;28.6134;177.582;325.484;120.401;122.405;
853;36.2077;177.437;325.721;120.335;122.158;
854;32.6498;177.618;325.76;120.285;122.165;
855;34.9892;177.968;325.826;119.731;122.111;
856;34.8731;178.175;325.952;119.751;121.824;
857;35.8192;178.517;326.557;119.249;121.88;
858;37.2412;178.473;327.376;119.396;121.977;
859;33.9714;178.885;327.889;118.962;121.512;
860;27.6875;178.758;327.989;119.148;122.025;
861;22.0278;179.019;328.458;119.056;121.937;
862;23.264;178.808;328.771;119.05;121.469;
863;19.0452;179.206;329.756;119.164;121.776;
864;22.8127;179.253;330.566;119.267;121.673;
865;21.6276;179.12;331.363;118.742;121.333;
866;28.3307;179.044;332.325;118.746;121.25;
867;23.603;179.347;332.928;118.483;121.28;
868;27.1507;179.477;333.46;118.408;121.518;
869;17.4356;179.217;335.579;118.329;120.519;
870;151.632;178.235;342.944;119.223;119.824;
871;159.453;178.353;349.228;117.733;118.992;
872;2.1021;178.279;352.197;117.51;119.18;
873;5.42468;179.039;353.044;117.503;119.408;
874;1.81472;179.341;354.018;116.99;119.211;
875;174.844;179.681;354.391;116.802;118.947;
876;10.26;180.179;354.477;117.342;119.342;
877;7.17303;181.473;354.824;116.443;118.576;
878;8.83509;181.839;354.936;116.712;118.555;
879;6.07641;182.204;355.306;116.662;118.806;
880;7.75318;182.648;355.357;117.068;119.459;
881;178.152;182.783;355.731;117.124;119.417;
882;6.3034;183.268;355.973;117.377;119.467;
883;14.1736;183.827;356.231;117.747;119.755;
884;9.99262;183.877;356.379;117.626;120.45;
885;9.63221;183.995;356.742;117.719;120.406;
886;9.96246;184.361;357.488;117.535;120.534;
887;12.1289;184.533;357.42;117.879;121.478;
888;7.56314;184.584;357.476;117.681;120.914;
889;11.141;184.607;357.357;117.914;120.73;
890;11.8563;184.57;357.454;117.817;121.129;
891;10.9657;184.459;357.518;117.411;120.628;
892;15.3825;184.601;357.501;117.781;120.903;
893;12.4482;184.543;357.5;118.727;122.117;
894;17.9635;184.722;357.708;118.064;121.695;
895;11.6675;184.527;357.76;118.28;122.09;
896;10.4635;184.536;357.994;118.823;121.388;
897;12.8451;184.999;357.881;118.129;121.684;
898;15.2865;185.548;358.068;118.613;121.897;
899;19.6487;185.999;358.12;118.635;121.813;
900;15.1115;186.6;358.009;118.842;122.518;
901;15.9961;187.188;358.413;118.632;121.78;
902;18.0928;188.299;358.294;119.137;122.648;
903;14.9033;189.11;358.473;119.599;122.587;
904;9.10244;189.973;358.557;119.675;122.705;
905;15.6642;191.582;358.634;120.024;123.008;
906;13.8637;192.662;359.458;120.613;122.406;
907;17.2309;193.836;359.269;120.496;123.23;
908;14.3111;195.47;359.531;120.023;123.05;
909;21.7916;196.899;359.844;120.075;123.185;
910;22.6241;198.245;359.96;120.221;124.118;
911;21.3529;199.363;361.099;120.372;123.733;
912;8.19399;202.365;362.825;120.27;122.966;
913;17.781;203.633;363.417;120.082;122.871;
914;10.4311;205.1;363.974;120.111;123.486;
915;7.74528;206.529;365.107;120.302;123.007;
916;6.66261;207.786;365.896;119.405;122.864;
917;11.6098;208.948;366.905;119.204;122.397;
918;11.7971;210.097;367.412;120.056;122.38;
919;13.6178;211.592;368.222;120.368;123.615;
920;21.2078;213.027;369.135;120.058;124.287;
921;21.0506;214.713;369.483;119.699;124.62;
922;18.202;216.183;370.737;119.236;123.905;
923;15.8727;217.69;371.753;119.221;123.468;
924;14.3211;219.349;372.888;118.573;123.351;
925;14.7006;220.991;373.199;118.201;123.437;
926;17.567;222.483;373.977;117.694;123.917;
927;21.9898;224.224;375.13;117.656;123.825;
928;18.199;226.05;376.297;117.195;123.383;
929;13.5445;227.591;377.777;116.701;122.843;
930;14.2906;229.309;378.764;115.861;122.429;
931;17.1354;232.424;380.173;115.379;121.458;
932;18.8836;234.229;380.64;114.867;121.543;
933;20.1577;235.833;381.036;114.771;120.759;
934;21.6227;237.919;381.153;114.656;121.374;
935;21.0732;239.658;381.653;114.272;120.735;
936;18.1446;241.214;382.389;114.049;120.585;
937;17.7811;243.033;383.414;114.134;120.627;
938;18.993;245.087;384.72;113.386;120.328;
939;22.9031;246.917;385.267;113.178;120.821;
940;23.9544;250.116;387.182;111.635;121.423;
941;22.2753;251.957;387.75;111.439;122.03;
942;23.1026;253.958;387.929;111.662;121.981;
943;20.0914;255.776;388.793;111.019;122.278;
944;20.0175;257.82;389.149;111.551;122.581;
945;19.3321;259.28;389.729;111.38;122.817;
946;20.0259;260.919;390.895;111.346;121.919;
947;19.937;262.723;392.104;111.111;122.373;
948;22.7553;264.64;393.727;110.931;122.042;
949;21.6476;267.31;395.154;110.873;123.255;
950;19.9848;272.444;397.663;110.439;123.752;
951;21.9008;277.398;401.293;109.648;123.301;
952;22.4549;278.592;402.224;108.833;123.865;
953;24.4041;280.416;403.408;108.842;124.277;
954;25.3335;282.331;404.128;108.593;124.84;
955;23.9952;284.349;404.704;107.654;125.003;
956;24.2714;286.156;405.503;107.165;124.364;
957;25.2788;288.089;405.643;106.883;124.199;
958;24.497;289.555;405.93;106.902;124.001;
959;25.3276;290.94;406.459;106.759;122.897;
960;24.2299;292.747;407.033;106.179;123.145;
961;24.5885;293.988;407.87;106.071;123.896;
962;22.3222;295.256;408.106;106.216;123.44;
963;21.2442;296.335;408.055;106.748;123.598;
964;21.0111;297.414;408.333;106.569;123.656;
965;19.659;298.576;408.428;106.354;123.769;
966;20.2782;300.259;408.402;106.368;123.968;
967;18.966;301.563;408.557;105.944;123.622;
968;21.131;302.892;408.687;105.751;124.178;
969;19.1943;304.437;408.826;104.732;124.558;
970;19.9727;305.916;408.837;103.765;124.947;
971;19.8557;306.906;408.955;103.785;124.756;
972;19.5686;310.429;409.124;102.66;125.811;
973;19.4699;311.703;409.314;102.713;126.112;
974;19.6198;312.942;409.461;103.043;126.472;
975;19.6435;313.93;409.599;102.529;125.726;
976;20.1222;315.309;409.57;102.277;125.966;
977;18.0646;316.427;409.32;102.173;126.312;
978;18.331;317.742;409.61;101.52;125.653;
979;17.6709;318.764;409.352;101.505;125.218;
980;17.2206;319.748;409.155;100.734;124.97;
981;16.9472;320.628;409.539;100.28;125.049;
982;17.2267;321.389;409.432;100.302;124.526;
983;17.2261;322.106;409.678;99.679;125.063;
984;16.6159;322.754;409.188;99.9351;124.625;
985;16.9538;323.399;409.188;99.1686;124.945;
986;17.244;323.967;408.936;99.0461;124.887;
987;17.3354;324.3;409.082;98.9165;125.453;
988;17.1386;324.791;408.945;98.5969;124.516;
989;16.7457;324.734;408.726;98.7352;124.626;
990;17.5235;324.945;408.734;98.8429;124.333;
991;17.2127;324.875;408.654;98.9865;124.898;
992;18.1539;325.132;408.648;98.9498;125.164;
993;17.0014;325.16;408.154;98.8241;124.908;
994;17.459;324.977;408.151;98.9841;124.544;
995;16.2781;325.135;407.736;98.7061;124.76;
996;16.7343;325.149;408.162;98.8285;124.857;
997;17.0694;325.096;408.289;98.862;125.239;
998;16.8763;324.943;408.299;98.9203;124.97;
999;16.5285;324.989;407.958;98.8777;125.43;
1000;16.6434;324.961;407.721;98.7045;125.255;
1001;16.5264;325.258;407.262;98.9457;125.456;
1002;16.8678;324.925;407.412;99.3268;125.083;
1003;17.0497;325.058;407.609;99.3341;125.239;
1004;16.9575;324.996;407.828;99.6884;125.328;
1005;16.7162;324.956;407.601;99.0057;125.105;
1006;16.6707;325.038;407.536;99.1855;125.949;
1007;16.1589;324.982;407.132;99.5468;125.424;
1008;16.67;325.306;406.837;99.1249;125.954;
1009;16.8419;325.387;406.443;99.1735;125.355;
1010;16.8097;325.376;406.273;99.2266;125.276;
1011;16.1157;325.87;405.908;98.8513;125.47;
1012;16.1908;326.063;405.307;98.967;125.466;
1013;16.1824;326.207;404.884;99.1253;125.04;
1014;16.0574;326.418;404.376;98.8343;125.439;
1015;16.1497;326.666;404.185;98.8709;125.397;
1016;16.2647;326.832;403.67;99.056;125.43;
1017;16.3535;327.188;403.315;99.2054;125.576;
1018;15.3874;327.769;402.774;98.5947;125.248;
1019;16.1095;328.344;402.229;98.3942;125.279;
1020;15.8333;328.506;401.599;98.1745;125.41;
1021;15.8828;329.128;401.122;97.944;125.302;
1022;16.3004;329.794;400.179;97.9346;125.882;
1023;16.6057;330.439;399.489;97.801;125.767;
1024;15.759;331.059;398.923;97.4839;125.316;
1025;16.0666;331.963;398.201;97.2437;125.373;
1026;15.0976;332.5;397.146;97.7479;125.057;
1027;15.4236;335.94;395.916;96.957;124.793;
1028;12.7431;341.328;394.25;95.2645;123.625;
1029;12.1057;343.596;392.534;95.1004;122.159;
1030;11.3751;344.279;391.702;94.5417;122.867;
1031;11.4368;344.931;390.628;94.016;123.191;
1032;11.2211;345.513;390.293;93.8799;123.424;
1033;10.8147;346.145;389.309;93.4638;122.945;
1034;10.417;346.626;388.73;93.6954;122.998;
1035;10.9557;347.269;388.251;93.1233;122.72;
1036;10.0677;348.041;387.166;92.8811;122.328;
1037;9.87176;348.484;386.452;92.9816;121.886;
1038;10.3001;348.983;385.563;92.9214;122.14;
1039;9.56587;349.529;385.171;92.6205;122.01;
1040;9.94983;349.727;384.691;92.1675;122.022;
1041;9.8385;349.845;384.286;92.241;122.058;
1042;9.27282;349.807;384.063;91.9857;122.057;
1043;9.823;350.18;383.751;91.1656;121.519;
1044;8.50774;349.968;383.274;91.4575;121.851;
1045;8.69267;349.835;383.345;91.776;121.453;
1046;9.07905;349.611;383.347;91.7693;121.201;
1047;8.42279;346.553;383.751;92.1027;121.598;
1048;10.0947;337.728;383.957;95.3021;120.2;
1049;11.8927;335.176;384.915;96.3953;119.644;
1050;11.1433;334.393;384.9;96.1942;120.233;
1051;11.4953;334.057;384.716;94.7807;120.222;
1052;10.095;333.46;384.14;95.2194;119.854;
1053;9.70034;333.049;384.313;95.2431;119.786;
1054;10.0453;331.414;383.333;95.6754;119.872;
1055;9.99579;330.532;382.956;94.9365;119.64;
1056;10.1993;329.715;381.857;95.271;119.923;
1057;9.71724;328.484;381.485;95.3175;119.147;
1058;10.9995;327.193;381.146;95.7039;119.231;
1059;10.0145;325.608;380.832;96.4994;118.862;
1060;10.6364;323.787;380.258;97.2534;119.05;
1061;9.99756;320.317;378.959;99.2828;118.714;
1062;10.0765;317.167;377.726;100.698;119.091;
1063;5.7682;305.612;375.153;104.137;117.604;
1064;6.91079;295.558;371.261;104.905;118.818;
1065;8.32441;293.121;369.338;105.074;119.123;
1066;5.20965;291.084;368.67;105.813;119.949;
1067;4.01396;288.94;367.717;106.414;120.483;
1068;7.07826;286.844;366.313;106.404;120.403;
1069;8.2311;284.683;365.225;107.366;120.42;
1070;7.69233;282.468;363.851;107.748;122.061;
1071;7.29666;280.06;362.512;108.238;122.488;
1072;6.44793;277.744;361.438;108.864;122.277;
1073;5.32919;275.37;361.181;109.519;120.748;
1074;6.87015;272.683;360.384;109.793;119.787;
1075;3.12347;270.089;359.136;110.531;119.558;
1076;2.77794;267.538;357.98;110.103;120.054;
1077;176.884;262.225;354.264;110.852;121.485;
1078;179.562;259.262;352.961;112.371;122.032;
1079;2.74863;256.703;352.674;113.365;121.011;
1080;1.49854;254.287;351.082;114.57;123.238;
1081;5.42899;251.136;350.17;115.191;121.575;
1082;6.63704;247.795;348.909;115.232;122.02;
1083;5.61833;245.131;347.966;114.896;122.913;
1084;3.65267;242.475;347.317;115.267;121.683;
1085;4.82167;239.983;346.126;115.676;121.252;
1086;179.586;236.777;344.618;115.505;121.185;
1087;179.42;233.939;343.643;116.195;118.978;
1088;177.823;229.077;340.932;116.53;121.108;
1089;5.15804;227.527;339.597;116.281;120.636;
1090;2.30239;225.253;338.291;117.1;121.187;
1091;179.768;223.156;337.132;118.037;122.246;
1092;179.525;221.604;336.142;118.543;122.02;
1093;177.558;217.67;333.51;119.821;122.153;
1094;169.759;216.223;332.648;120.365;121.052;
1095;6.19879;214.522;331.102;119.89;121.227;
1096;17.7645;212.835;330.342;119.663;121.132;
1097;11.8172;211.525;329.68;120.251;121.732;
1098;12.6543;210.044;328.996;120.928;122.488;
1099;6.94179;208.565;328.544;120.755;122.796;
1100;12.5748;207.449;328.157;120.626;123.067;
1101;12.0501;205.914;327.607;121.576;123.884;
1102;17.716;204.727;326.977;121.506;124.119;
1103;12.4582;203.308;326.219;121.616;123.997;
1104;8.50787;201.954;325.643;121.628;124.257;
1105;9.70087;200.798;324.74;122.123;124.619;
1106;0.433316;199.357;324.295;121.961;124.83;
1107;4.1192;198.477;323.921;122.185;124.681;
1108;15.2431;197.164;323.509;122.929;124.895;
1109;16.7266;195.888;322.714;122.978;124.936;
1110;7.13742;195.016;321.235;123.179;125.538;
1111;5.56264;193.876;320.099;123.391;125.935;
1112;178.483;192.741;318.927;123.664;125.093;
1113;7.65234;190.928;317.617;124.023;125.37;
1114;171.912;189.646;317.074;124.625;125.985;
1115;143.751;188.614;316.334;125.045;125.953;
1116;141.622;187.714;315.804;125.268;125.979;
1117;132.279;187.031;315.035;125.82;126.241;
1118;145.01;186.246;314.159;125.665;126.365;
1119;29.4053;185.707;313.459;125.777;126.139;
1120;18.3221;185.032;312.701;125.958;126.238;
1121;43.7835;184.355;312.138;125.945;126.841;
1122;25.7741;183.548;311.776;125.929;126.86;
1123;46.6916;183.111;311.388;125.735;126.683;
1124;63.0613;182.367;310.868;125.282;126.745;
1125;74.0764;182.011;310.36;125.673;127.164;
1126;69.8492;181.643;310.286;125.356;127.525;
1127;69.5694;181.249;309.994;125.513;127.454;
1128;65.1147;181.022;309.427;126.423;128.252;
1129;75.8163;177.882;309.548;126.365;128.544;
1130;70.7243;173.787;308.472;127.413;129.741;
1131;46.2688;173.094;307.544;127.718;129.216;
1132;52.2146;173.09;307.47;127.736;129.201;
1133;57.9823;172.872;307.038;127.302;129.331;
1134;51.4673;172.618;306.756;128.193;129.533;
1135;46.9685;172.532;306.45;128.222;129.721;
1136;46.8196;172.387;306.235;128.297;130.243;
1137;41.5932;172.501;306.155;128.171;130.094;
1138;39.0855;172.551;306.083;128.466;130.032;
1139;43.8205;172.61;305.749;128.181;129.843;
1140;43.2387;172.934;305.571;128.247;129.877;
1141;42.5779;172.763;305.309;128.438;129.908;
1142;33.4958;172.718;305.249;128.44;130.044;
1143;37.5744;172.956;305.34;128.758;129.897;
1144;45.5137;173.087;305.167;128.283;129.993;
1145;31.4248;173.321;305.012;128.885;129.899;
1146;53.5596;173.813;304.772;128.315;129.744;
1147;54.2073;173.667;304.799;128.32;130.045;
1148;52.9689;173.823;304.619;128.316;129.473;
1149;45.8514;173.996;304.642;128.301;129.762;
1150;43.2932;174.247;304.461;127.939;129.749;
1151;44.9543;174.283;304.159;127.918;129.671;
1152;51.8217;174.497;304.143;128.033;129.819;
1153;51.2299;174.534;304.104;128.097;129.836;
1154;53.3867;174.537;303.831;128.355;129.698;
1155;66.444;174.879;303.673;127.715;129.825;
1156;60.0594;174.916;303.35;127.386;129.612;
1157;68.5995;175.277;303.226;127.32;129.559;
1158;62.174;175.296;302.868;127.026;129.57;
1159;64.6821;175.406;302.064;126.88;129.686;
1160;70.2455;175.88;301.246;126.578;129.459;
1161;78.5489;176.385;300.928;126.365;128.995;
1162;72.6581;176.763;300.411;126.314;129.386;
1163;66.8685;177.446;299.908;126.895;128.722;
1164;57.2884;178.378;298.967;127.048;128.988;
1165;62.2038;179.53;297.829;126.821;128.73;
1166;66.6226;180.313;296.113;126.446;127.886;
1167;62.6937;181.047;295.311;125.578;127.522;
1168;67.6872;182.176;294.415;125.418;126.583;
1169;67.0949;182.849;293.357;125.377;126;
1170;67.9236;182.81;290.459;124.561;127.236;
1171;59.4809;182.776;283.438;123.185;127.039;
1172;63.358;184.225;279.785;121.241;125.821;
1173;67.1617;185.217;279.397;121.139;125.409;
1174;67.8489;185.436;278.542;121.467;125.889;
1175;72.9537;185.988;277.903;121.427;125.375;
1176;72.0574;186.29;276.887;121.152;125.772;
1177;77.1664;186.881;276.247;120.886;125.405;
1178;78.9073;187.47;275.947;121.051;125.777;
1179;77.8175;187.824;275.434;120.71;125.77;
1180;79.3926;188.129;275.316;120.639;125.899;
1181;81.3429;188.418;274.715;120.57;126.209;
1182;83.9079;188.582;274.706;120.684;126.415;
1183;82.4821;189.033;274.565;120.618;126.421;
1184;81.5715;189.494;274.494;120.809;125.977;
1185;85.2907;190.194;274.343;121.094;125.896;
1186;83.8965;190.637;274.211;120.838;125.713;
1187;85.8971;191.51;274.128;121.07;125.979;
1188;87.0429;192.331;274.108;120.828;125.813;
1189;88.8674;193.402;274.332;120.556;125.382;
1190;92.3388;195.531;275.085;119.856;124.541;
1191;94.916;196.641;275.117;119.755;124.633;
1192;98.3265;197.747;275.405;119.56;125.142;
1193;94.8648;199.13;275.838;119.202;125.074;
1194;97.7878;200.78;276.197;118.893;125.159;
1195;88.7419;204.385;279.099;118.762;125.273;
1196;104.403;211.489;286.348;120.261;124.257;
1197;107.443;213.771;290.74;121.481;123.43;
1198;101.867;214.538;291.763;121.441;122.845;
1199;94.6786;215.692;292.775;121.201;122.487;
1200;95.9863;217.319;293.472;120.834;122.267;
1201;98.2123;218.954;293.883;120.567;122.335;
1202;104.141;220.8;294.849;120.539;121.822;
1203;107.524;222.246;295.515;120.269;121.983;
1204;123.964;224.202;296.734;120.305;122.325;
1205;119.232;225.719;297.367;120.462;122.592;
1206;140.303;227.473;297.907;120.726;123.074;
1207;137.065;229.274;298.765;120.22;122.424;
1208;147.267;231.444;299.67;119.691;121.887;
1209;141.039;233.689;300.832;119.443;121.866;
1210;143.004;235.517;301.969;118.363;121.603;
1211;147.919;237.468;302.652;118.133;121.874;
1212;155.038;239.234;303.259;118.089;121.002;
1213;148.485;241.215;303.74;117.353;121.463;
1214;149.541;243.117;304.071;117.207;121.908;
1215;155.617;245.42;304.691;116.952;121.736;
1216;154.647;247.674;305.628;116.836;121.339;
1217;154.99;249.587;306.528;116.997;120.42;
1218;159.477;251.864;307.763;116.296;120.413;
1219;162.183;253.764;308.544;116.687;121.31;
1220;161.494;255.836;309.397;116.69;121.77;
1221;162.851;260.381;311.438;116.143;122.078;
1222;163.797;262.38;312.055;116.326;121.738;
1223;157.053;264.604;312.536;115.213;120.925;
1224;158.658;266.849;313.275;114.026;120.325;
1225;162.228;269.457;314.129;113.696;119.837;
1226;161.692;271.967;315.079;112.955;119.885;
1227;161.372;274.504;315.921;112.557;120.265;
1228;163.794;276.806;316.898;111.592;120.348;
1229;163.453;279.045;317.787;111.181;120.159;
1230;166.229;281.359;318.76;110.644;120.267;
1231;166.963;283.635;319.368;110.093;120.524;
1232;167.922;285.773;320.522;109.942;120.14;
1233;167.753;287.669;321.468;109.841;120.352;
1234;167.874;291.619;323.176;108.461;120.788;
1235;170.087;293.632;324.324;108.103;120.675;
1236;169.411;295.613;325.237;107.757;120.584;
1237;172.135;298.037;326.409;107.967;120.96;
1238;0.227407;304.114;329.879;108.187;119.463;
1239;0.333545;310.897;334.385;104.875;120.522;
1240;178.728;312.646;335.308;104.237;121.542;
1241;178.725;313.992;336.062;103.656;121.064;
1242;178.094;315.869;336.899;102.753;120.628;
1243;178.862;317.313;337.426;102.631;120.448;
1244;179.179;319.041;338.147;101.94;119.535;
1245;178.393;320.669;339.219;102.392;119.231;
1246;177.428;322.066;340.105;102.467;118.834;
1247;177.128;323.367;340.386;102.361;118.981;
1248;177.531;324.683;341.171;101.881;119.082;
1249;176.913;326.865;342.388;101.537;119.454;
1250;177.638;328.124;342.605;101.524;119.568;
1251;178.599;329.108;343.093;101.032;119.991;
1252;178.173;330.225;343.64;100.495;120.043;
1253;177.588;330.955;344.519;100.797;121.261;
1254;177.873;332.173;344.76;99.7889;121.177;
1255;179.057;333.074;345.135;99.2487;120.917;
1256;179.303;333.791;345.286;99.1545;120.679;
1257;0.0514687;334.809;345.761;98.8079;120.476;
1258;0.597711;335.891;345.968;98.705;120.899;
1259;0.673861;336.994;346.393;98.4131;120.793;
1260;0.0783088;338.021;346.67;98.107;121.342;
1261;179.487;339.07;347.166;98.3927;122.168;
1262;0.130404;343.552;348.125;97.6023;123.301;
1263;178.073;349.823;349.355;94.1848;122.297;
1264;178.072;352.988;349.858;92.1535;120.778;
1265;178.102;353.982;349.55;92.805;121.25;
1266;177.84;355.046;350;92.482;121.2;
1267;178.263;355.525;350.282;92.2442;121.656;
1268;178.009;356.408;350.233;91.5264;121.362;
1269;177.585;356.903;350.397;91.7696;121.538;
1270;177.497;357.248;350.695;92.1916;122.176;
1271;177.987;357.759;350.852;92.3295;122.311;
1272;178.321;358.306;351.164;91.9291;122.516;
1273;179.047;359.219;351.621;91.9347;122.47;
1274;179.528;359.535;351.755;91.528;122.4;
1275;179.792;359.973;351.999;91.5978;122.453;
1276;0.576918;360.414;351.805;91.459;122.502;
1277;0.353643;360.597;351.82;91.1223;122.505;
1278;0.449572;360.813;351.861;90.9787;122.885;
1279;0.183375;360.927;351.572;91.0336;122.713;
1280;0.193204;361.375;351.99;90.3087;122.767;
1281;0.289713;361.742;352.283;89.7137;122.019;
1282;0.712073;361.977;352.605;89.3922;122.349;
1283;0.0926707;362.303;352.691;89.312;121.873;
1284;0.591858;362.255;352.65;89.3739;121.864;
1285;0.648535;362.638;352.724;88.5059;121.388;
1286;0.853567;363.077;352.735;88.4137;121.14;
1287;0.84747;363.037;352.909;88.6029;120.758;
1288;179.984;362.874;353.38;88.2022;120.733;
1289;0.66084;363.036;353.648;87.516;120.511;
1290;0.338775;363.064;353.639;87.9136;119.543;
1291;0.373388;363.218;353.311;87.4135;118.983;
1292;0.233548;363.355;353.232;87.7653;118.21;
1293;0.116434;363.489;352.987;87.1677;117.911;
1294;0.384376;363.654;353.15;86.6497;117.842;
1295;0.224916;363.764;353.136;86.0496;117.502;
1296;0.412728;363.98;353.145;85.9838;117.345;
1297;0.109083;363.986;352.892;85.5838;116.716;
1298;179.861;364.434;352.779;85.5914;116.678;
1299;179.863;364.639;352.51;85.0783;115.708;
1300;179.765;364.828;352.505;84.9871;116.091;
1301;0.0787877;365.051;352.151;84.662;116.262;
1302;179.693;365.244;351.799;84.581;114.739;
1303;179.922;365.616;351.145;83.7017;114.829;
1304;0.0307911;366.206;350.196;83.3003;114.573;
1305;0.0952586;366.426;349.468;83.6506;114.348;
1306;0.0410735;366.685;348.623;83.1267;113.876;
1307;179.86;367.445;347.338;82.2737;113.657;
1308;179.434;369.81;344.642;80.6787;114.034;
1309;177.544;372.82;339.257;77.8546;113.661;
1310;176.165;373.697;335.856;76.6643;112.366;
1311;175.046;374.591;333.732;76.597;112.637;
1312;174.992;375.383;332.037;76.7695;111.183;
1313;174.648;376.009;330.379;76.4836;110.337;
1314;173.683;376.803;328.594;75.83;109.182;
1315;172.525;377.299;327.077;76.0414;108.653;
1316;170.855;377.443;325.937;75.1522;108.146;
1317;170.329;378.044;324.619;74.7499;108.123;
1318;170.736;380.175;320.387;73.9933;108.794;
1319;168.997;382.747;316.777;71.3029;106.394;
1320;168.171;383.272;315.956;71.1336;105.494;
1321;167.444;383.562;314.756;71.8219;105.909;
1322;166.236;384.025;312.125;69.581;105.885;
1323;165.934;384.277;310.634;68.8435;105.227;
1324;165.55;384.531;309.439;68.7685;105.942;
1325;164.892;384.935;308.556;68.6641;105.736;
1326;164.572;385.226;307.658;69.1765;104.294;
1327;164.41;385.087;307.358;68.237;104.103;
1328;163.932;385.121;306.867;68.5482;103.765;
1329;164.087;385.531;306.148;67.6991;103.119;
1330;163.73;385.863;305.96;68.1309;103.021;
1331;163.753;385.654;304.795;67.9441;103.117;
1332;163.94;385.495;304.138;67.5447;103.216;
1333;163.693;385.677;304.408;67.5474;102.436;
1334;165.06;386.326;307.811;67.1881;101.854;
1335;166.414;385.761;309.408;68.4007;103.237;
1336;165.613;384.129;309.756;68.5307;101.967;
1337;166.018;383.671;309.586;68.4482;101.131;
1338;165.505;382.638;309.464;68.3981;102.046;
1339;164.877;381.886;308.824;68.5632;101.502;
1340;164.746;381.26;308.444;68.5965;101.477;
1341;165.045;380.339;307.935;68.2369;100.549;
1342;164.89;379.689;307.276;68.665;99.5682;
1343;164.687;378.651;306.594;68.8077;99.783;
1344;164.162;377.552;305.726;68.6745;99.4539;
1345;164.342;376.42;304.751;69.2785;99.313;
1346;164.093;375.032;303.683;69.3184;99.0648;
1347;163.704;373.57;302.268;69.4689;98.6946;
1348;162.939;372.336;300.535;69.3273;98.9851;
1349;162.624;370.376;300.244;69.1637;99.6683;
1350;160.732;363.956;300.711;70.8263;99.9529;
1351;160.864;358.84;302.124;73.7254;99.4502;
1352;161.169;357.326;301.549;73.9337;99.9084;
1353;160.997;355.327;300.751;73.9507;100.15;
1354;161.663;352.001;298.797;74.4799;99.3867;
1355;161.612;350.538;298.143;74.8777;99.5862;
1356;160.667;348.893;297.145;74.9107;99.092;
1357;160.127;347.448;296.088;74.9689;97.9237;
1358;159.362;345.804;294.811;75.9261;98.9655;
1359;158.834;344.01;293.639;76.1743;98.7092;
1360;158.223;342.188;292.619;76.7757;98.6678;
1361;156.449;340.322;291.676;77.5174;98.0217;
1362;157.325;338.233;290.534;77.4211;98.0593;
1363;157.384;335.926;289.53;76.9591;98.1156;
1364;156.365;333.918;288.409;77.2698;97.6203;
1365;156.345;331.828;286.851;77.2121;97.5957;
1366;156.88;329.606;285.386;77.8094;97.9967;
1367;154.769;327.411;284.303;79.251;98.082;
1368;154.517;324.635;282.85;79.7306;98.5943;
1369;154.274;322.335;281.992;79.3305;98.4957;
1370;153.289;320.038;281.185;79.7422;99.4915;
1371;152.387;317.724;280.007;80.5073;99.3104;
1372;152.548;315.169;278.894;80.4388;99.4368;
1373;151.321;312.598;278.243;80.5803;99.7986;
1374;149.922;310.227;277.208;81.5106;99.1487;
1375;147.737;307.354;276.35;81.8836;99.6426;
1376;145.715;302.508;274.205;82.7611;99.1035;
1377;144.568;299.925;272.929;82.7559;98.7538;
1378;144.894;297.538;271.761;84.0505;98.3305;
1379;142.177;294.993;270.703;84.756;98.8006;
1380;141.851;292.502;270.19;85.1287;99.5293;
1381;140.707;290.382;269.763;86.6199;100.686;
1382;139.699;288.097;269.405;87.4741;100.331;
1383;139.957;285.606;268.996;87.7293;100.13;
1384;138.46;282.754;268.154;88.082;100.287;
1385;139.024;280.494;268.007;88.7506;100.639;
1386;140.744;278.453;267.113;89.0763;100.491;
1387;140.001;276.594;266.458;89.2008;101.147;
1388;136.505;274.593;265.426;89.882;101.779;
1389;133.625;272.203;264.957;89.7362;102.62;
1390;131.221;265.697;265.24;90.8863;104.608;
1391;130.725;261.017;265.397;93.0428;103.962;
1392;131.569;259.015;265.219;93.6245;104.398;
1393;130.959;256.775;264.611;94.0673;104.571;
1394;129.858;254.957;263.953;94.0727;104.275;
1395;128.777;253.597;263.46;94.2256;104.314;
1396;127.605;251.995;262.955;94.5455;104.81;
1397;124.876;250.081;262.363;95.1996;105.084;
1398;127.316;247.967;261.777;95.755;104.999;
1399;125.56;246.53;261.554;96.1954;106.079;
1400;123.57;244.798;261.114;96.2053;106.018;
1401;120.764;242.915;260.63;96.4673;105.96;
1402;121.091;241.515;260.082;97.2098;106.305;
1403;120.044;238.305;259.668;98.5195;107.642;
1404;118.171;236.717;259.226;98.6095;108.324;
1405;116.442;235.319;258.953;99.4935;108.298;
1406;115.548;233.733;258.607;100.067;108.825;
1407;113.661;232.078;258.185;99.8776;109.216;
1408;111.829;230.749;257.815;100.221;109.321;
1409;107.484;229.4;257.619;100.187;109.275;
1410;108.282;228.089;257.43;100.165;109.533;
1411;105.951;224.892;257.108;100.45;110.376;
1412;104.879;223.651;257.183;101.095;110.222;
1413;106.538;222.364;256.933;101.511;110.613;
1414;106.707;221.198;256.851;102.018;111.208;
1415;105.944;220.016;256.508;102.653;111.509;
1416;107.13;219.048;256.154;103.111;112.505;
1417;105.103;218.143;256.094;103.649;113.212;
1418;106.773;217.166;255.973;104.225;113.34;
1419;107.362;215.975;255.62;104.612;113.247;
1420;104.483;214.723;255.344;104.696;114.124;
1421;104.253;213.656;255.232;104.862;114.358;
1422;103.935;212.853;254.848;105.153;114.421;
1423;101.033;212.003;254.545;105.157;114.665;
1424;101.542;211.151;254.077;105.407;114.989;
1425;101.479;210.208;253.635;105.255;114.962;
1426;100.184;208.532;252.21;105.636;115.703;
1427;101.165;205.242;250.388;106.088;116.475;
1428;102.654;200.571;246.236;106.169;115.984;
1429;99.1029;199.446;243.555;104.561;115.81;
1430;99.7042;199.253;243.207;104.614;116.377;
1431;102.01;198.476;242.637;105.029;116.369;
1432;100.932;197.958;241.961;105.171;117.036;
1433;100.922;197.441;241.478;104.847;117.586;
1434;101.15;196.581;240.995;105.177;118.2;
1435;101.311;196.128;240.599;105.416;118.128;
1436;101.177;195.462;240.177;105.562;118.398;
1437;100.803;194.842;239.93;105.909;118.526;
1438;98.6542;194.202;239.526;105.784;119.191;
1439;98.1786;193.967;239.495;106.047;119.128;
1440;98.0944;193.618;239.289;106.156;119.722;
1441;97.95;193.484;239.412;106.311;119.63;
1442;96.6453;193.013;239.113;106.462;119.64;
1443;96.0296;193.026;238.903;106.763;120.077;
1444;97.7652;192.839;239.038;107.022;119.803;
1445;96.4915;192.809;238.909;106.724;119.881;
1446;97.6882;192.669;238.934;106.807;120.19;
1447;96.305;192.644;239.3;106.749;119.948;
1448;98.2864;192.371;239.952;107.156;120.467;
1449;100.261;190.632;242.439;107.058;120.946;
1450;96.8104;188.64;246.739;108.565;120.798;
1451;95.8513;188.326;248.874;109.423;121.28;
1452;95.2662;187.816;249.428;109.277;121.658;
1453;94.3131;187.824;249.747;109.219;121.537;
1454;95.0787;187.737;250.05;109.289;121.501;
1455;93.6905;187.751;250.301;109.034;121.646;
1456;93.6589;187.449;250.408;109.136;121.688;
1457;95.0052;187.475;250.645;109.114;121.72;
1458;94.1869;187.523;250.613;108.973;121.304;
1459;93.5261;187.749;250.793;108.566;121.225;
1460;93.0109;187.896;250.813;108.71;121.088;
1461;94.7641;188.09;250.634;108.48;120.58;
1462;94.0938;188.485;250.222;108.099;120.415;
1463;94.5416;188.794;249.939;108.187;120.372;
1464;95.0813;189.271;249.727;107.929;120.039;
1465;96.4606;189.774;249.427;107.63;119.375;
1466;98.1809;190.199;248.637;107.234;118.655;
1467;98.0661;190.578;248.173;107.529;118.782;
1468;97.5542;190.936;247.545;107.208;118.526;
1469;96.467;191.056;245.856;107.212;117.857;
1470;94.3946;190.094;239.774;106.398;118.836;
1471;93.4082;189.64;234.216;103.04;117.722;
1472;94.9189;190.601;233.317;102.75;117.021;
1473;95.6114;191.335;232.798;103.177;117.218;
1474;94.8954;191.704;232.033;102.598;116.499;
1475;95.238;192.482;231.114;101.97;116.718;
1476;94.54;192.975;230.32;101.95;117.252;
1477;95.6493;194.086;229.257;101.542;117.419;
1478;95.0453;194.63;228.403;100.717;117.402;
1479;95.4398;195.2;227.511;100.621;117.506;
1480;96.0065;195.656;226.952;100.076;117.329;
1481;97.0979;196.06;226.202;100.12;117.035;
1482;96.9398;196.356;225.708;100.523;117.291;
1483;97.382;196.757;224.786;100.314;117.182;
1484;97.2716;197.293;224.419;100.45;117.261;
1485;97.6634;197.678;223.428;100.423;117.048;
1486;98.7955;198.519;222.894;100.336;116.969;
1487;97.871;198.725;222.352;99.3877;117.074;
1488;98.416;199.31;222.019;99.4435;116.573;
1489;99.0063;199.856;221.258;98.8676;116.796;
1490;99.5871;201.02;220.312;98.5525;117.228;
1491;100.295;201.466;219.631;98.2744;117.316;
1492;100.396;202.164;219.172;98.348;117.248;
1493;100.258;203.017;218.544;97.6467;117.521;
1494;100.553;203.534;218.223;97.3379;117.129;
1495;101.09;204.103;217.866;97.0453;116.778;
1496;101.305;204.818;217.922;96.8951;116.339;
1497;101.323;205.475;217.789;96.6951;116.41;
1498;101.042;206.134;217.646;96.9452;116.478;
1499;101.808;206.716;217.399;97.1132;115.985;
1500;101.982;207.172;217.238;97.1059;115.52;
1501;101.759;207.77;216.977;96.3727;115.676;
1502;101.458;208.158;216.791;95.966;116.111;
1503;101.817;209.13;216.825;96.0932;115.775;
1504;102.27;209.469;216.955;96.2351;115.585;
1505;101.771;210.082;217.148;96.5757;115.355;
1506;102.569;210.725;217.235;96.2499;115.5;
1507;103.017;212.821;217.762;96.0855;115.446;
1508;104.167;213.703;217.632;96.1064;115.347;
1509;103.653;214.739;218.053;96.1314;115.442;
1510;103.82;216.087;218.272;96.1882;114.97;
1511;103.403;217.309;218.608;96.0021;114.96;
1512;103.227;218.52;218.744;95.7048;114.768;
1513;103.4;219.54;218.797;96.0527;114.969;
1514;103.854;220.783;218.821;95.6362;115.076;
1515;103.476;221.843;219.021;94.9595;114.342;
1516;103.843;223.376;219.043;95.0084;114.805;
1517;104.079;224.682;219.307;94.7026;114.676;
1518;105.728;226.253;219.239;94.3064;114.606;
1519;107.208;227.96;219.122;93.975;114.252;
1520;107.774;229.28;218.893;93.3642;113.263;
1521;107.845;231.045;218.994;92.8644;112.979;
1522;109.254;232.567;219.156;92.924;112.842;
1523;108.833;234.338;219.465;92.5897;112.597;
1524;109.584;236.202;219.739;92.6158;112.059;
1525;111.295;237.782;219.666;92.5743;111.965;
1526;111.776;239.404;219.954;92.592;112.425;
1527;113.822;241.436;220.304;92.2203;111.551;
1528;115.426;243.385;220.57;92.0032;111.092;
1529;115.291;245.4;220.84;91.9197;110.697;
1530;115.846;247.016;221.529;91.281;110.514;
1531;117.304;248.894;221.999;90.564;110.44;
1532;118.545;250.763;222.265;89.9023;110.628;
1533;121.105;252.979;223.019;89.9854;109.585;
1534;122.34;254.979;223.792;89.646;109.666;
1535;122.016;256.955;224.256;89.7394;110.05;
1536;122.413;259.378;224.946;89.1907;108.973;
1537;123.611;261.703;225.75;89.3227;108.732;
1538;124.647;266.961;227.009;89.2396;108.072;
1539;123.895;269.547;227.598;88.552;108.836;
1540;122.51;272.017;228.134;88.8878;109.187;
1541;123.771;274.398;228.446;88.3204;108.413;
1542;124.382;276.738;229.337;88.2194;107.842;
1543;128.614;281.684;231.255;87.8841;107.418;
1544;130.902;283.737;232.444;87.6609;107.411;
1545;130.825;285.886;233.671;86.8889;107.92;
1546;130.793;288.392;235.367;86.5703;107.39;
1547;131.033;290.978;236.394;86.3011;107.049;
1548;132.948;292.938;237.372;85.8056;106.96;
1549;134.171;295.044;238.219;85.5049;107.165;
1550;136.123;296.829;239.513;84.9466;107.318;
1551;137.449;299.137;240.048;84.8751;107.392;
1552;137.619;301.051;241.052;84.035;107.255;
1553;137.433;302.865;241.945;83.9354;107.066;
1554;137.794;307.142;244.021;83.916;107.818;
1555;138.923;308.997;245.095;83.3914;107.379;
1556;139.057;310.884;245.638;82.812;106.868;
1557;141.305;313.334;246.496;81.7373;105.941;
1558;141.746;315.277;246.86;81.125;104.961;
1559;142.423;317.098;247.817;80.2978;104.737;
1560;142.853;319.217;248.368;80.1262;104.088;
1561;143.803;322.005;250.425;79.6311;104.327;
1562;146.186;329.247;254.275;79.5028;104.718;
1563;149.325;333.104;256.992;77.5225;105.544;
1564;150.57;336.651;258.637;77.8412;105.972;
1565;150.85;338.603;259.998;77.0651;105.843;
1566;150.488;339.83;260.877;76.4281;105.902;
1567;151.806;341.261;261.807;76.0293;105.659;
1568;152.131;342.945;262.728;75.439;105.414;
1569;151.163;344.435;263.593;74.3949;104.3;
1570;150.872;345.611;264.855;73.8227;103.904;
1571;151.854;347.042;265.46;73.5257;103.709;
1572;152.627;348.548;266.061;73.5673;103.326;
1573;153.076;350.113;266.754;72.9554;102.81;
1574;151.761;351.383;267.656;72.5691;102.708;
1575;151.803;352.98;268.378;72.7456;103.118;
1576;151.948;354.353;268.898;72.1474;103.385;
1577;152.916;355.699;269.989;71.242;103.114;
1578;153.336;356.879;270.666;70.25;102.819;
1579;154.118;358.359;271.538;69.5401;103.092;
1580;154.994;359.604;272.261;69.3278;103.489;
1581;154.739;360.738;272.772;69.377;103.054;
1582;154.53;362.032;273.665;68.6459;102.879;
1583;154.326;364.561;274.786;69.5297;103.197;
1584;155.238;365.72;275.245;68.3316;103.071;
1585;155.381;367.129;275.972;68.3043;103.367;
1586;154.66;367.924;276.618;67.6806;103.026;
1587;155.702;369.228;277.334;67.871;103.525;
1588;156.768;373.558;280.384;66.9047;101.369;
1589;160.462;380.084;286.295;61.7679;98.2173;
1590;160.361;384.065;289.224;59.8528;97.9672;
1591;159.744;384.831;289.921;60.7456;97.4137;
1592;160.508;385.696;290.795;60.1849;97.2631;
1593;161.471;386.885;291.196;59.9067;97.9166;
1594;160.99;387.885;291.758;59.5285;98.0044;
1595;160.803;389.589;293.434;59.9134;96.9716;
1596;161.597;390.429;293.934;58.8857;96.618;
1597;161.876;390.846;294.368;59.01;96.5186;
1598;162.554;391.975;295.227;58.7866;95.5268;
1599;162.683;392.612;296.271;58.156;95.3904;
1600;163.431;393.395;296.706;58.2658;95.8834;
1601;163.055;394.034;297.253;58.0131;96.2205;
1602;163.601;394.898;297.78;57.565;95.9521;
1603;163.669;395.625;298.649;57.373;95.4562;
1604;163.757;395.742;299.008;56.8646;96.5259;
1605;163.86;396.049;299.273;57.0416;96.3675;
1606;163.842;396.279;299.411;56.8536;95.653;
1607;164.038;396.716;299.768;56.9844;95.6849;
1608;163.487;396.789;299.682;56.6872;95.4948;
1609;163.811;398.153;299.212;55.2467;96.093;
1610;162.909;399.6;298.672;53.4572;94.8694;
1611;162.57;399.482;298.043;54.1819;95.0788;
1612;162.838;399.807;297.933;54.3307;95.3096;
1613;163.584;399.834;297.878;54.4212;96.1649;
1614;163.768;400.36;297.82;53.5139;94.9941;
1615;163.412;400.348;297.601;54.141;94.4819;
1616;163.028;400.404;297.553;54.1182;94.9668;
1617;163.767;400.628;297.196;53.063;93.8732;
1618;163.297;400.495;296.758;53.3711;93.5825;
1619;163.273;400.539;297.074;53.1008;92.8874;
1620;163.354;400.536;296.899;53.4485;93.5589;
1621;162.815;400.387;296.59;53.8153;93.6479;
1622;162.874;400.315;297.04;52.9703;93.887;
1623;163.582;400.28;297.103;53.4076;93.029;
1624;163.503;400.462;297.377;53.2828;92.8423;
1625;163.619;399.883;297.184;53.6522;93.6355;
1626;163.881;399.54;297.237;53.7793;93.967;
1627;163.87;399.3;297.203;53.6633;93.6255;
1628;163.358;399.291;297.983;53.8856;93.8331;
1629;163.259;399.099;298.78;53.872;94.5224;
1630;163.661;398.829;299.026;54.193;93.734;
1631;163.244;398.777;299.86;54.5488;93.6687;
1632;163.751;398.716;300.565;54.3596;93.4922;
1633;164.173;398.667;301.197;54.5037;92.8335;
1634;164.032;398.335;301.64;54.6338;92.8762;
1635;164.401;398.098;302.407;54.9712;92.7992;
1636;164.726;398.169;302.668;55.1948;93.3647;
1637;164.287;398.242;303.091;55.4135;92.5064;
1638;164.642;397.79;303.914;55.5976;93.1696;
1639;164.692;397.768;304.374;56.2367;92.5983;
1640;164.864;397.876;305.181;56.3449;92.6005;
1641;165.096;397.662;306.907;55.6212;92.4319;
1642;166.005;397.892;307.085;56.2661;92.1598;
1643;166.305;397.691;308.181;56.1772;92.0187;
1644;166.591;397.685;308.553;56.3919;91.9844;
1645;166.772;397.574;309.62;56.7137;91.9294;
1646;166.778;397.557;310.087;57.3535;91.3204;
1647;166.87;397.225;310.435;58.0539;92.3344;
1648;167.287;396.923;310.703;57.8603;92.4425;
1649;168.029;397.646;314.192;56.9907;91.8384;
1650;170.057;398.63;318.611;56.5957;92.3593;
1651;170.954;398.135;319.999;57.7446;93.4633;
1652;170.286;397.207;320.65;57.962;93.4874;
1653;170.31;397.025;321.471;58.3723;93.4674;
1654;171.188;396.893;321.789;59.3113;93.3149;
1655;171.015;396.542;322.117;59.5003;93.6478;
1656;171.213;396.324;322.768;59.9419;93.4138;
1657;171.147;396.211;323.06;60.0827;93.504;
1658;171.46;395.873;323.871;60.8111;94.3139;
1659;171.563;395.697;323.848;60.9984;94.2876;
1660;171.507;395.501;324.33;61.4877;95.0609;
1661;171.839;395.383;324.515;61.7579;95.0058;
1662;171.782;395.227;325.045;61.6391;95.3868;
1663;171.758;394.899;325.367;62.1634;96.2385;
1664;172.057;394.539;325.936;62.3284;95.9954;
1665;172.391;394.31;326.308;62.1988;96.3147;
1666;172.24;393.852;326.642;62.0901;96.2717;
1667;171.885;393.47;326.997;62.2039;96.0315;
1668;172.699;393.342;327.343;62.5036;96.4603;
1669;172.285;392.833;327.878;62.387;95.8432;
1670;171.967;392.375;328.184;62.0325;96.0145;
1671;172.522;392.107;328.25;62.5738;95.6238;
1672;172.461;391.658;328.546;62.8059;95.7481;
1673;172.562;391.226;328.667;62.9393;95.6372;
1674;172.519;390.742;328.605;63.5405;95.9867;
1675;172.712;390.053;329.419;63.7071;95.9687;
1676;172.868;389.682;329.732;64.4046;96.118;
1677;172.514;388.727;330.019;64.7595;96.3035;
1678;171.876;388.533;329.959;65.6554;96.8605;
1679;172.067;387.924;329.798;65.716;96.7514;
1680;172.187;387.045;330.018;66.2652;96.7292;
1681;172.459;386.51;329.794;66.3375;97.1045;
1682;172.334;385.773;329.64;66.8029;97.3859;
1683;172.01;384.921;329.484;67.2071;98.0353;
1684;172.16;384.003;328.9;68.5704;98.3102;
1685;170.69;382.455;328.618;68.5555;98.7803;
1686;170.674;376.628;326.09;68.6529;99.0591;
1687;169.052;372.44;321.786;70.4058;98.505;
1688;169.276;372.046;320.947;69.857;97.6612;
1689;169.516;371.294;320.486;70.2778;97.5381;
1690;169.951;370.313;319.606;70.4462;98.0135;
1691;168.961;369.197;319.012;71.5208;98.0082;
1692;168.586;368.089;318.607;72.1461;98.3235;
1693;168.074;367.012;317.781;72.6688;97.9929;
1694;167.799;365.652;316.997;72.8452;97.9633;
1695;167.822;364.508;316.551;73.2731;98.3244;
1696;167.91;363.154;316.047;73.3729;98.9157;
1697;167.007;362.191;315.139;73.7203;98.4591;
1698;166.129;361.011;314.427;73.9345;98.5297;
1699;166.399;359.958;313.908;74.4286;99.0709;
1700;166.4;358.749;313.172;74.5928;99.0043;
1701;166.364;357.405;312.47;74.8282;99.8824;
1702;165.665;356.061;311.92;75.8852;100.936;
1703;165.942;355.099;311.701;76.0944;101.835;
1704;165.676;353.51;311.489;76.7051;101.875;
1705;165.398;352.19;310.81;78.0912;102.489;
1706;164.634;350.49;310.471;78.5102;103.228;
1707;165.433;348.902;309.922;78.6673;102.908;
1708;165.517;347.33;309.331;78.6976;102.206;
1709;165.268;345.639;308.565;80.3119;102.594;
1710;164.25;344.078;308.29;80.6979;102.181;
1711;164.292;342.527;307.657;81.64;102.653;
1712;163.625;340.609;307.195;82.6381;103.14;
1713;162.944;338.86;306.466;83.0487;103.153;
1714;162.515;337.1;305.725;83.2795;103.148;
1715;162.645;335.261;305.115;83.0992;103.673;
1716;162.364;333.279;304.2;84.1363;104.051;
1717;161.09;331.587;303.435;84.154;103.281;
1718;160.989;329.917;302.562;84.7005;103.586;
1719;159.933;328.387;301.775;85.2577;103.342;
1720;160.989;326.956;300.753;85.9464;103.947;
1721;160.762;325.203;299.437;86.6906;103.662;
1722;162.13;322.905;298.319;86.5969;103.946;
1723;161.163;320.5;296.955;87.1169;104.282;
1724;159.853;318.5;296.468;86.9654;105.151;
1725;158.331;316.81;295.26;88.255;104.868;
1726;157.337;314.824;294.858;89.4586;105.096;
1727;156.142;312.673;293.829;89.8033;105.842;
1728;155.216;310.424;293.048;90.7871;106.197;
1729;155.15;306.387;291.128;92.3892;107.411;
1730;155.218;304.297;290.119;92.3936;107.418;
1731;153.278;302.327;289.22;92.9314;107.347;
1732;152.417;299.802;288.087;92.5048;107.485;
1733;151.081;297.803;287.047;93.0713;107.222;
1734;153.236;295.801;286.297;94.074;107.262;
1735;152.174;293.703;285.481;94.7242;107.261;
1736;153.713;291.436;285.235;95.0682;107.598;
1737;152.546;289.083;284.47;95.341;107.311;
1738;149.533;286.707;283.725;95.7599;108.326;
1739;147.528;284.589;282.621;95.8716;108.527;
1740;146.045;282.636;280.99;95.9993;108.93;
1741;142.669;278.877;278.825;97.3316;108.269;
1742;138.999;276.959;277.938;97.7129;109.313;
1743;137.984;274.955;277.155;97.8021;108.742;
1744;137.179;273.247;276.423;97.9671;109.916;
1745;137.693;271.24;275.517;98.6616;109.967;
1746;136.038;269.154;274.439;97.672;110.805;
1747;135.811;267.27;273.778;97.9364;111.883;
1748;134.953;264.721;273.02;99.2051;112.27;
1749;132.157;262.619;271.818;100.571;112.438;
1750;132.426;260.542;271.166;101.214;112.556;
1751;131.028;256.793;270.109;102.499;113.537;
1752;130.658;254.872;269.381;102.354;113.792;
1753;130.231;252.955;268.561;102.78;114.967;
1754;130.033;250.501;267.963;102.383;114.733;
1755;127.63;248.373;267.224;102.724;114.007;
1756;126.758;246.382;266.512;103.147;114.046;
1757;123.617;244.62;265.515;103.433;113.479;
1758;120.869;242.599;264.26;103.961;113.622;
1759;120.578;240.755;263.758;104.574;114.148;
1760;120.536;238.714;262.905;104.424;114.165;
1761;117.928;236.78;262.369;105.374;115.001;
1762;118.465;234.957;261.985;105.452;115.796;
1763;117.916;233.244;261.317;106.082;115.914;
1764;113.876;231.535;261.017;106.051;115.846;
1765;110.235;229.72;260.565;106.074;115.813;
1766;108.712;227.398;260.019;106.896;116.488;
1767;106.376;225.836;259.606;107.043;116.474;
1768;106.686;224.019;259.145;106.924;116.779;
1769;104.591;222.017;258.899;106.975;116.152;
1770;107.093;218.971;258.227;107.608;116.629;
1771;109.166;217.41;258.021;108.03;117.385;
1772;109.097;215.93;257.806;108.669;118.223;
1773;108.177;214.332;257.711;109.484;118.54;
1774;105.593;212.877;257.633;109.206;118.572;
1775;103.038;207.486;257.702;109.205;118.744;
1776;102.468;204.801;257.573;108.854;118.894;
1777;101.715;203.573;257.136;108.696;118.858;
1778;100.126;202.437;256.788;108.731;118.661;
1779;99.8346;200.412;256.228;108.726;118.368;
1780;101.331;199.516;256.011;108.403;118.189;
1781;99.629;198.819;255.419;108.229;118.079;
1782;100.654;197.947;255.321;108.146;117.872;
1783;100.349;197.174;254.762;108.394;118.181;
1784;100.645;196.308;254.135;108.205;118.448;
1785;97.8227;195.595;253.766;108.069;118.352;
1786;98.773;194.73;253.334;107.814;118.414;
1787;100.211;193.663;252.497;107.825;118.694;
1788;98.786;192.578;252.087;108.261;118.955;
1789;97.6726;191.524;251.431;108.004;119.674;
1790;96.316;190.504;250.856;107.989;119.525;
1791;95.4864;189.776;250.634;107.557;119.772;
1792;95.5624;188.757;250.26;107.265;119.55;
1793;94.8902;186.546;249.023;107.454;119.822;
1794;94.917;185.606;246.636;105.97;118.497;
1795;95.2879;185.301;246.162;106.002;118.228;
1796;94.2343;184.811;245.245;105.739;118.143;
1797;95.3852;184.363;244.488;105.981;118.341;
1798;95.7122;183.561;243.808;105.39;118.722;
1799;96.2363;182.991;243.542;104.942;118.125;
1800;93.8568;182.011;243.226;104.554;118.055;
1801;93.6002;181.259;242.815;104.553;118.076;
1802;91.2283;180.714;242.336;104.595;118.036;
1803;89.8883;179.553;240.868;104.594;118.456;
1804;90.604;179.233;240.413;104.904;119.114;
1805;91.6549;178.344;240.128;104.777;119.544;
1806;91.8627;177.905;240.079;104.653;119.569;
1807;91.7541;177.102;240.12;105.285;119.805;
1808;90.445;176.483;240.063;104.763;119.419;
1809;91.4049;175.78;240.162;105.073;119.219;
1810;90.1968;175.285;239.934;104.932;119.32;
1811;90.6954;174.486;239.761;104.479;119.112;
1812;89.8512;173.808;239.921;104.553;119.205;
1813;89.5076;173.328;239.558;104.879;118.902;
1814;89.3399;173.319;239.719;104.229;118.476;
1815;88.8453;172.64;239.263;104.947;118.643;
1816;87.4642;172.39;239.003;104.95;118.412;
1817;88.0458;172.15;238.542;104.852;118.666;
1818;88.2991;172.209;238.419;104.748;118.923;
1819;88.0883;172.287;238.469;104.818;118.425;
1820;89.6448;172.296;238.315;105.293;118.026;
1821;88.7681;172.252;238.367;105.106;118.341;
1822;88.605;172.252;238.085;104.883;118.504;
1823;88.1902;172.441;237.715;104.904;117.847;
1824;88.6383;172.257;237.673;104.462;118.138;
1825;89.387;172.313;237.318;104.676;118.568;
1826;89.4352;172.342;237.132;104.744;118.532;
1827;88.8214;172.409;237.126;104.501;118.52;
1828;88.0924;172.515;236.845;104.684;118.593;
1829;88.3152;172.692;236.891;104.309;118.618;
1830;87.5376;172.733;236.878;104.29;118.55;
1831;89.8984;172.476;236.964;104.299;117.949;
1832;88.9076;172.763;236.972;104.32;118.152;
1833;89.7757;173;237.038;105.132;118.53;
1834;89.3879;172.114;237.923;104.154;118.514;
1835;85.7231;168.902;241.959;105.89;118.568;
1836;85.7886;169.296;242.274;105.716;118.292;
1837;84.3199;169.424;242.731;105.91;118.173;
1838;85.2843;169.821;243.269;105.821;118.419;
1839;84.5584;170.12;243.67;105.82;118.389;
1840;84.547;170.544;244.288;106.18;118.863;
1841;83.4326;171.204;245.193;105.913;119.154;
1842;84.9723;171.353;245.477;106.058;119.286;
1843;84.5892;171.742;246.065;106.457;119.039;
1844;86.1445;171.944;246.439;106.21;119.113;
1845;85.225;172.218;246.96;106.13;119.083;
1846;85.7408;172.273;247.28;106.494;119.278;
1847;85.421;172.378;248.023;106.69;118.806;
1848;85.2097;172.637;248.681;106.878;118.733;
1849;84.6614;172.611;249.335;106.662;118.923;
1850;84.9802;172.665;250.208;106.519;119.15;
1851;84.7928;172.674;250.628;106.66;119.482;
1852;84.7882;172.992;251.012;106.763;119.492;
1853;84.4102;173.141;251.372;106.648;119.556;
1854;84.2522;173.281;251.398;106.311;119.391;
1855;83.8749;173.102;251.814;106.653;119.412;
1856;84.6583;173.304;252.456;106.657;119.56;
1857;84.3435;173.916;254.362;107.015;119.708;
1858;83.334;176.372;260.393;108.368;120.358;
1859;89.0476;177.518;263.129;109.772;119.662;
1860;88.2236;177.087;264.052;109.674;119.941;
1861;88.3454;177.333;264.881;110.215;120.206;
1862;89.3552;177.624;265.474;109.655;119.942;
1863;88.0422;177.697;266.185;110.222;120.073;
1864;88.2075;178.193;267.375;109.99;120.144;
1865;88.2977;178.479;267.904;110.315;120.361;
1866;87.0095;178.548;268.391;110.344;119.881;
1867;86.7016;178.838;269.08;110.572;120.138;
1868;87.4109;178.93;269.428;110.865;120.315;
1869;86.6072;178.935;269.966;110.868;120.14;
1870;87.5966;179.077;270.125;110.833;120.067;
1871;87.1963;179.084;270.797;111.29;119.946;
1872;86.7992;179.217;271.011;111.052;119.987;
1873;86.1235;179.13;271.206;111.282;120.373;
1874;85.9265;179.5;271.482;111.257;120.069;
1875;87.0524;179.763;272.065;111.42;120.029;
1876;84.5351;179.808;272.588;111.218;119.523;
1877;85.6573;179.906;273.177;111.595;119.775;
1878;84.3756;180.067;273.534;111.885;119.768;
1879;85.4334;180.231;273.783;111.89;119.873;
1880;84.1571;180.316;273.878;111.608;119.669;
1881;83.575;180.498;274.369;111.82;119.534;
1882;85.5274;180.205;274.977;112.434;119.704;
1883;85.0805;177.878;277.359;112.461;120.894;
1884;84.8009;176.753;279.261;112.735;120.183;
1885;83.371;176.602;279.359;112.592;120.254;
1886;85.069;176.629;279.773;112.349;120.432;
1887;84.7495;176.665;279.79;112.326;120.406;
1888;85.0272;176.774;280.154;112.616;120.619;
1889;84.3505;177.07;280.314;112.428;119.962;
1890;83.7182;177.172;280.576;112.685;119.663;
1891;84.8623;177.613;280.696;112.876;119.763;
1892;83.6238;178.113;280.931;112.893;119.223;
1893;83.549;178.628;281.209;113.114;119.352;
1894;84.6262;179.099;281.492;113.302;118.963;
1895;83.0475;179.841;281.805;112.942;119.219;
1896;82.2012;180.426;282.118;113.514;119.185;
1897;85.5652;181.07;282.415;113.749;119.87;
1898;87.6926;182.069;282.67;114.363;119.664;
1899;87.3109;182.529;283.017;114.225;119.566;
1900;89.4348;183.226;283.513;114.369;119.841;
1901;85.4569;184.017;284.315;114.467;120.175;
1902;86.1372;184.633;284.7;114.563;120.478;
1903;85.8272;185.5;285.468;115.051;120.618;
1904;83.645;186.154;285.866;114.892;120.616;
1905;85.7214;187.325;286.507;115.028;120.728;
1906;85.5113;190.13;287.807;115.599;121.159;
1907;88.7745;191.686;288.688;115.77;121.32;
1908;88.9406;193.178;289.34;116.295;121.036;
1909;92.288;194.649;289.886;116.508;121.021;
1910;91.4479;196.342;290.307;116.937;121.302;
1911;94.0945;198.18;290.773;116.402;121.463;
1912;100.948;199.652;291.451;116.47;121.726;
1913;102.744;203.519;293.231;116.704;122.876;
1914;103.994;204.682;293.892;116.845;122.526;
1915;100.956;206.151;294.514;116.789;121.949;
1916;101.556;207.409;294.873;117.107;121.174;
1917;104.691;208.87;295.205;117.294;120.369;
1918;97.1512;210.686;295.546;117.843;119.849;
1919;106.219;212.021;296.19;117.922;120.045;
1920;105.258;213.697;296.657;118.368;120.578;
1921;101.54;215.498;297.138;118.41;120.238;
1922;109.674;217.421;297.335;118.747;120.082;
1923;111.886;219.597;297.883;118.754;120.087;
1924;123.269;221.744;298.206;118.855;120.212;
1925;126.683;223.303;299.023;118.308;120.465;
1926;126.383;225.206;299.619;118.761;120.346;
1927;134.161;227.427;300.346;118.504;120.891;
1928;130.639;231.695;301.921;117.457;120.78;
1929;135.742;233.708;302.546;117.254;121.314;
1930;137.054;235.81;303.396;117.486;121.666;
1931;141.199;238.026;304.108;117.384;121.337;
1932;140.242;239.876;304.57;116.679;121.802;
1933;141.425;242.11;305.533;116.602;122.368;
1934;143.374;245.776;307.309;117.177;121.463;
1935;156.685;251.946;310.606;117.49;120.675;
1936;152.187;254.514;312.281;117.224;121.035;
1937;155.246;255.994;313.408;117.171;121.291;
1938;159.751;257.707;314.755;117.045;121.745;
1939;165.883;259.313;315.829;117.201;122.047;
1940;166.855;260.504;316.516;116.948;121.628;
1941;166.897;261.772;317.344;116.804;121.341;
1942;166.244;263.098;317.834;116.414;121.538;
1943;165.752;264.241;318.464;116.298;121.199;
1944;165.33;265.749;319.351;116.102;121.362;
1945;165.61;266.99;319.703;115.377;121.924;
1946;168.365;268.614;320.368;114.804;121.6;
1947;169.663;270.492;320.968;115.393;121.738;
1948;167.57;271.927;321.591;115.025;121.694;
1949;169.111;273.852;321.975;114.794;121.69;
1950;168.676;275.723;322.759;113.304;120.867;
1951;168.416;277.594;323.224;112.84;120.591;
1952;169.016;279.059;323.349;111.555;120.444;
1953;169.168;280.615;323.914;110.333;120.442;
1954;172.043;282.36;324.543;109.652;120.085;
1955;171.999;284.12;325.187;109.55;120.137;
1956;172.24;285.596;325.845;109.178;121.029;
1957;173.299;287.229;326.577;109.609;120.67;
1958;172.66;288.865;326.95;109.416;121.17;
1959;170.957;290.355;327.177;109.129;120.312;
1960;172.23;292.54;327.466;108.072;121.14;
1961;170.911;294.243;327.725;108.085;121.544;
1962;171.545;296.056;327.723;107.795;121.124;
1963;170.436;297.598;328.058;106.998;120.622;
1964;170.242;299.278;328.752;107.153;120.095;
1965;172.173;301.256;329.462;106.4;119.649;
1966;172.684;303.004;330.137;105.995;119.622;
1967;174.471;304.54;330.374;105.752;120.174;
1968;175.665;305.881;330.065;105.52;120.472;
1969;176.408;307.407;330.085;105.108;120.595;
1970;176.459;308.819;330.254;104.209;120.531;
1971;176.963;310.652;330.605;104.354;120.494;
1972;176.416;316.703;331.063;103.898;119.517;
1973;175.567;322.884;331.397;101.247;118.659;
1974;174.192;324.994;331.261;100.4;118.674;
1975;174.353;326.433;331.216;99.3634;119.003;
1976;173.853;327.957;331.257;98.7016;118.76;
1977;174.292;329.439;331.432;97.8846;119.233;
1978;173.619;330.138;331.73;98.0136;119.163;
1979;172.789;330.948;332.213;97.7664;119.681;
1980;173.36;331.833;332.62;97.6383;119.739;
1981;173.187;332.521;332.747;97.6065;119.8;
1982;174.022;333.487;332.817;97.4016;119.891;
1983;173.701;334.163;332.98;97.2766;119.721;
1984;173.079;335.062;333.514;96.8236;119.889;
1985;173.589;336.131;333.68;96.4451;120.373;
1986;173.791;336.93;334.053;95.9579;120.178;
1987;174.175;337.83;334.576;96.1527;120.355;
1988;174.616;338.917;334.891;96.2082;120.283;
1989;174.119;340.018;335.014;96.0196;120.311;
1990;173.904;340.933;335.381;95.2956;120.417;
1991;174.714;341.897;335.876;95.096;120.336;
1992;174.794;342.783;336.382;95.2293;120.348;
1993;174.867;343.755;336.562;95.7361;120.89;
1994;175.053;344.66;337.313;95.28;120.212;
1995;174.999;346.272;338.588;95.0137;120.958;
1996;175.745;352.087;340.578;93.3659;120.946;
1997;176.032;356.845;342.023;91.0672;119.498;
1998;176.419;358.55;341.928;90.7956;119.66;
1999;176.649;358.865;342.234;91.0837;119.322;
2000;176.723;359.526;342.818;90.6814;119.866;
